134
bin.100    0.0000000 1.6848422 1.7121506 1.5381060 1.2801411 1.9194431 1.8974184 1.8020105 2.0539533 1.3553784 2.0354670 1.8321794 1.3070485 1.2959595 1.6393357 1.9088108 1.4020636 1.4439601 2.0826295 2.0664812 1.8838827 1.2971237 1.3675836 1.6758358 1.8075409 1.2892427 2.1315209 1.2376871 1.3000807 1.6225775 1.9270780 1.8469953 1.4174356 1.3348199 1.9871710 2.1140561 1.2817813 2.0019532 1.7842778 1.8168145 1.7239286 1.6878349 1.5912299 1.3668292 1.7881617 1.7855054 1.7665909 2.1471777 2.0367840 1.6570721 1.2724672 1.9491323 1.6878634 1.7475454 1.7435621 1.8592778 1.8114299 1.7417374 1.8058840 1.7420438 1.7243576 1.3691115 1.7978331 1.3936132 1.3409227 1.9590373 1.7090954 1.8076606 1.6831197 2.1018920 1.6677715 1.8862391 2.0883143 2.0812287 1.6997798 1.5942719 1.8735763 1.3388665 1.6574781 1.6672720 1.8341298 1.9837580 1.8295784 1.7248416 1.9711079 1.3893522 1.3273981 1.4222503 1.4896627 1.7822930 1.5770245 2.1831182 1.4544445 1.9931618 1.9813473 1.7229981 1.8676053 1.8732910 2.0757495 1.9677273 1.7647033 1.2963510 1.7029123 1.3505223 1.3169000 1.9077131 1.7658195 1.9917172 1.7418529 1.3330203 2.0527985 1.9140296 1.5315604 1.7198041 2.1062104 1.8116763 1.6920093 2.0238086 1.9081591 1.3382819 1.7791990 1.7388727 1.5796869 2.0105077 2.0809763 1.2482700 1.6776478 1.3733644 1.7458531 1.8444621 2.0809616 1.7556132 1.7043222 1.3090230 
bin.107    1.6848422 0.0000000 1.4273244 0.9530988 1.5509281 1.8415286 0.8770191 2.0418640 0.1811790 1.9429869 2.0846644 1.6201703 2.0630185 1.8279494 1.7693678 1.8942378 2.0071852 1.9897727 2.0227150 2.1447912 0.2949676 1.8146139 2.0405906 1.6073398 0.9756536 1.8519556 1.5214858 1.6472767 1.8202427 1.7398519 2.0412009 0.9912750 1.9297402 1.8208502 1.8955136 2.2036318 1.9582203 2.0799871 0.2155018 0.8485800 0.4289558 1.7005311 1.5749889 2.0013719 0.1482235 1.7799373 0.9412559 2.1051010 2.0230799 1.6763108 1.8502020 1.9464567 1.8857948 0.9272720 0.8983787 1.8695519 0.2228267 0.1994875 0.3556820 0.8568816 1.6636808 1.9003680 0.4527061 1.5135130 1.9399382 1.9443844 1.6576159 1.7774212 1.6006650 2.1117560 1.8369042 0.9534285 2.0218971 1.9228455 0.3700756 1.9308040 2.0351446 1.8676488 1.8485029 1.8044192 0.3575242 1.9331769 0.9123632 1.8820382 1.9555223 1.7128364 1.8324821 1.7072085 1.7568430 0.8730369 1.6772625 2.2393080 1.8458038 1.9270778 2.0527466 0.2061645 1.6926856 0.8998912 2.0228949 2.0483572 0.3541801 1.8908371 0.8541485 1.8664196 1.9506313 0.2001901 0.2371553 2.0387805 0.1303759 1.8382841 2.1269161 1.9185155 1.7701917 0.1893273 2.0291618 1.5286403 1.9498113 1.9896011 1.8155399 2.1850139 0.9123714 0.8502156 1.7711344 1.9843233 2.0455829 1.7474116 1.8143755 2.0497561 0.1974094 0.9188803 1.9763690 0.2699692 0.8998015 1.8401535 
bin.108    1.7121506 1.4273244 0.0000000 1.3470728 1.8034544 1.7378456 1.6115687 1.8742578 1.5724718 1.9428848 1.9731081 0.3473827 1.8793063 1.9317016 1.9706131 1.6273577 1.9972917 2.0336540 1.9725688 2.0409552 1.6478471 1.8790576 1.9284765 1.6291753 1.4118567 1.7278638 1.8131127 1.8649611 1.7763291 1.8979514 1.8812702 1.4655375 2.1239699 1.7836451 1.7997789 1.9989756 1.7298081 1.9332002 1.5106491 1.4506605 1.4947176 1.6744214 1.6855494 1.9100503 1.5193771 1.8700869 1.4196626 1.9726400 1.9228877 1.7174361 1.7703151 1.8358208 1.9209133 1.3854360 1.3655939 1.7986246 1.4502175 1.4390713 1.5432934 1.3568013 1.5717151 2.0274522 1.5499071 1.5740580 1.9002240 1.8775403 1.6705852 1.7095198 1.6276104 1.9717137 1.8401839 1.4645172 1.9038425 1.8207258 1.4123353 1.8893978 1.9723870 1.8275235 1.9496509 1.8264796 1.4648112 1.8818714 1.5046572 1.9207671 1.8426489 1.9254785 1.8409482 1.7406667 1.7263731 1.3500331 1.7023687 2.0188048 1.9982755 1.8813366 1.8264579 1.4773294 0.2298783 1.5434033 1.8426573 1.9442958 1.4038293 1.7121991 1.4084200 1.8140829 1.8746938 1.5277662 1.5216106 1.9486063 1.5134375 1.8272667 1.9214022 1.8573243 1.8907035 1.3990552 1.9679052 1.0368907 1.8108711 1.8484136 0.2233607 1.9217519 1.3995306 1.4787074 1.8834756 1.8818303 1.8960554 1.7278042 1.7962447 1.9526690 1.4791394 1.5732521 1.9541044 1.4825133 1.3707973 1.8467077 
bin.11     1.5381060 0.9530988 1.3470728 0.0000000 1.1992718 1.7955114 1.0941598 1.8485275 1.0428050 1.5851149 1.9572530 1.6028808 1.8909642 1.1411646 1.6673719 1.9470341 1.9399508 1.6861388 1.9900297 1.9865036 1.0502652 1.3666911 1.5217157 1.5476901 0.4846916 1.6277401 1.2371980 1.3507636 1.4050955 1.5905773 1.9043196 0.4084196 1.7165380 1.4296384 1.8754901 2.0075690 1.4840186 1.9474299 1.0439532 1.0050070 1.0145410 1.7784258 1.6336695 1.8412170 0.8466562 2.0678119 0.5873999 1.9939346 1.9759840 1.6175047 1.3869642 1.9045609 1.7296234 0.6072697 0.6101667 1.7573647 0.9824911 0.9858563 1.0302803 0.5889401 1.5613976 1.5872194 0.9663490 1.4765520 1.3383389 1.9211664 1.6793426 1.6495514 1.5837465 2.0656021 1.6436222 1.0741778 1.9491265 1.9020916 0.9538435 1.7022929 1.8714501 1.8168279 1.7648523 1.6187493 1.0275321 1.8915617 1.0693211 1.8031110 1.9644940 1.4995211 1.6820438 1.5969927 1.5901917 0.5502658 1.5738590 2.0694669 1.8721619 1.8466150 1.9898831 1.0513370 1.5483351 0.9013718 1.9191794 2.0170286 1.0621435 1.7879623 0.8959942 1.6725017 1.4927066 0.9593747 0.8930218 2.0300755 1.1075336 1.4504885 1.9759720 1.9684503 1.7415645 1.0331675 1.9704459 1.5460137 1.6691928 1.8796585 1.4998913 1.6938887 0.5174571 0.8673650 1.7146186 1.9403762 1.9068880 1.4713608 1.6184258 1.4635142 0.9483101 0.9368166 2.0106208 0.9598693 0.5482512 1.4549125 
bin.112    1.2801411 1.5509281 1.8034544 1.1992718 0.0000000 1.9255592 1.8475082 1.7412049 2.0484415 0.9001383 1.8821221 1.8026577 0.7457481 0.6772317 1.7195496 1.7304820 0.8612656 0.8750973 1.9595520 2.0997176 1.8726334 0.8064726 0.7635786 1.5792762 1.9393050 0.7179425 1.9854771 0.2604841 0.6048256 1.6500435 1.8313286 1.8363028 1.0389000 0.2262934 1.8629677 2.0814336 0.7445498 1.8787897 1.8297806 1.6165926 1.8134606 1.8252638 1.5986461 0.8827614 1.7539554 1.8750976 1.6545209 1.9711307 1.8960430 1.5553579 0.7590571 1.8779540 1.7281172 1.6542317 1.7074251 1.8789654 1.8584484 1.7183407 1.7672172 1.6376068 1.6450124 0.8854890 1.8683820 1.3509452 0.7487542 1.7708860 1.6096194 1.7348324 1.6242004 1.9446078 1.6810788 1.8760308 1.8240604 1.9507384 1.7430684 1.7557128 1.9172713 0.8448008 1.7237455 1.6460926 1.8105743 1.8829565 1.7850965 1.8772293 1.8407605 0.7702531 0.7031374 1.3389499 1.5056450 1.7976300 1.4656973 2.0436950 0.2772822 1.8836131 1.7924765 1.6093748 1.8639592 1.6720514 1.8878760 1.9733617 1.7240002 0.8145791 1.5839387 0.3484216 0.6752751 1.8852561 1.8465284 1.8399698 1.7757935 0.2623285 1.8717770 1.7222714 1.4822158 1.5845556 1.9280069 1.8206654 1.5226786 1.8501435 1.8460821 0.8519072 1.6620402 1.6379663 1.5772293 1.8790665 1.8972286 0.7156301 1.6096475 0.6895183 1.7138148 1.7169758 2.0913362 1.6945377 1.6302461 0.3508096 
bin.114    1.9194431 1.8415286 1.7378456 1.7955114 1.9255592 0.0000000 2.1031276 1.9414271 2.0620095 1.8270519 1.9871596 1.8072154 1.8356054 1.8545621 1.6892875 1.7384198 1.8334389 1.9194781 1.7996444 2.1732548 1.9413183 1.8434805 1.9744953 1.6860728 1.8645952 1.7865490 2.2677139 1.8315686 1.8824340 1.9570105 1.8714863 1.9661358 1.8829566 1.9504321 1.8372560 1.8257508 1.6984559 1.8300999 2.0040901 2.0515186 1.9625115 1.7787873 1.5960240 1.8384045 1.9117304 1.8713429 1.8485450 1.8321167 1.8342990 1.6308712 1.8127356 1.8455164 1.6797523 1.8903300 1.8748067 1.9427245 1.9275655 1.8885997 1.9688138 1.7879721 1.9025542 1.7860690 1.9612979 0.9145426 1.9613738 1.8415604 1.6865215 1.8190043 1.8485673 1.9405411 1.7194059 1.9543941 1.9179472 1.8662052 1.8978014 1.7345475 2.0844516 1.7839720 1.7205205 1.6725500 2.0077518 1.7699192 1.9644676 1.7845567 1.8284227 1.8234815 1.8606649 1.8420333 1.8292042 1.8858845 1.7098160 1.9040933 1.9335421 1.7473610 1.8712475 1.9047438 1.7608483 1.9756796 1.9513394 2.0044683 1.8438308 1.7625228 1.8943134 1.9234504 1.8767901 1.9024690 1.9676706 1.9524002 1.9523113 1.9994468 1.9408754 1.8581571 1.9822180 1.9471632 1.8914834 1.9083354 1.7980121 1.9815614 1.5841529 1.9766736 1.9247844 1.8407186 1.8415131 1.9414516 1.9825876 1.7048411 1.7274921 1.8998512 1.9285431 1.8808970 1.8103086 1.9312432 1.8135025 1.8955763 
bin.115    1.8974184 0.8770191 1.6115687 1.0941598 1.8475082 2.1031276 0.0000000 1.9920263 1.0501955 1.9854762 2.1393175 1.6457098 1.9947053 1.9513959 2.0388105 1.7050769 2.0391088 1.9681329 2.1670495 2.1019426 1.0163433 1.8678513 1.9969400 1.7707509 0.9575826 1.8465680 1.4613533 1.8806233 1.8667537 2.0380475 2.0912129 0.9996255 1.9275146 1.9964716 1.9064844 2.0848182 2.0461431 2.2086020 0.9455036 0.8704727 0.9107431 1.7651973 1.8795811 1.9968455 0.9066065 1.9411568 0.9510495 2.1485116 2.1076816 2.0027827 1.8882586 2.0603888 2.0428758 0.9653476 0.9430538 1.9572664 0.9745306 0.9365647 0.8590387 0.9700745 1.7198028 2.0582100 0.9570051 1.8061939 1.9458006 2.1134461 1.8260904 1.9036175 1.6483587 2.1154212 1.9704794 0.9082018 2.1283002 2.2050228 0.8724513 2.0132384 2.2516868 1.8927185 2.0820531 1.9805680 0.8972902 2.0675526 0.3756950 2.0564084 2.1061252 1.9335875 1.7769217 1.8553699 1.9802030 0.9700111 1.8779253 2.2152626 2.0349419 2.0646621 2.1422796 0.9261996 1.6746082 0.9018859 2.2170447 2.1067149 0.9126653 1.8239409 0.8547919 1.9913915 1.9057074 1.0047030 0.9471772 2.1704306 0.9095001 2.0670272 2.1458210 1.9565889 1.9848666 0.9367298 2.1617431 1.5561681 1.9227390 2.0873158 1.9066200 2.0134289 0.9661539 0.9115634 1.9219300 2.0822693 2.1416078 1.8532983 1.9551796 2.0131393 0.9215723 0.9409104 2.0865820 0.8915299 0.9715395 1.8983672 
bin.118    1.8020105 2.0418640 1.8742578 1.8485275 1.7412049 1.9414271 1.9920263 0.0000000 2.1552118 1.9558674 2.1315210 1.8697146 2.0291385 1.7776862 1.8804621 1.9638521 2.0085515 2.0597382 2.0933856 2.1143445 2.0978832 1.9416937 2.0073149 1.7095786 1.9184061 1.8303011 2.2817295 1.8474303 1.9252879 2.0337387 2.0418120 2.0043828 2.0120355 1.9066388 2.1666614 2.1913594 1.8273787 2.1157269 2.0907844 1.9380865 2.0456176 1.7710134 1.7289209 1.9975863 2.0615260 1.8683094 1.9864041 2.1930256 2.1336312 1.8933864 1.8268241 2.0486342 1.9774338 1.9303115 1.8830562 2.0001088 2.0743619 1.9692883 1.9498759 1.8538764 1.8817383 2.0743882 2.1117669 1.6600620 2.0337849 2.0554260 1.6570898 1.8186803 1.7186134 2.2224674 1.9555372 2.0661164 2.1122098 2.0108497 1.9330667 1.8770237 2.1337382 2.0280807 1.8589769 1.9427211 2.1128275 2.0306594 1.9876561 1.9550546 2.0349044 2.0280455 1.8776591 1.9051215 1.9565431 1.9329967 1.8090021 2.1981573 1.9710773 1.9836499 1.9599746 1.9270688 2.0064196 1.9919073 1.9844252 2.1470089 1.9993123 1.9980144 1.9281018 2.0383448 1.8322640 2.0482477 2.2337630 2.1048718 1.9807173 1.9237957 2.1458557 1.9980269 1.9681097 1.8864626 2.2494292 1.9579509 1.7476794 2.1307140 1.9961473 2.0033071 1.8739496 2.0454949 1.9104256 1.9515668 2.1131075 1.8994828 1.9238905 1.9521729 2.0067380 2.0322080 2.0953654 1.9978352 1.8983339 1.9776586 
bin.126    2.0539533 0.1811790 1.5724718 1.0428050 2.0484415 2.0620095 1.0501955 2.1552118 0.0000000 2.1772043 2.2664188 1.6437181 2.1382351 2.1314710 2.0492141 1.8687033 2.2377586 2.1428985 2.1589304 2.4319622 0.2591397 2.0376973 2.0982658 1.7332771 0.9316170 1.9427635 1.5756184 2.1547920 2.0758697 2.0444805 1.9973385 0.9290603 2.3555771 2.0370580 2.1106093 2.3103666 2.1202272 2.1499732 0.2500989 0.9957467 0.3915886 1.7592358 1.6779732 2.0185501 0.1184949 1.8721775 0.9913630 2.2203486 2.2726477 1.9929761 1.9702791 2.2366274 2.0719090 0.9777572 0.9432377 1.9314870 0.2185675 0.2105948 0.3623438 0.9098653 1.8963163 2.1927516 0.3940657 1.5851909 1.9944845 2.1748793 1.7605266 1.7756559 1.6781181 2.2349066 1.9383893 1.0349227 2.1705318 2.1619898 0.3844725 2.1888638 2.0536348 1.9872910 2.0921172 2.0129134 0.3771383 2.1195965 0.9909623 1.8587305 2.1391817 2.0610841 1.9408773 2.0037829 1.9442963 0.9550381 1.8913103 2.3033178 1.9657042 2.1055587 2.1758552 0.2267111 1.7003886 1.0058718 2.1917185 2.2422322 0.3552725 2.0390260 0.9262614 2.1071060 2.0152739 0.2492645 0.1656095 2.3157604 0.1541863 2.2482858 2.2841130 2.1382346 2.0176938 0.2251700 2.1258537 1.6281225 2.0968796 2.1604345 1.8519226 2.0387474 0.9366370 0.9318484 2.0325982 2.0733836 2.2713573 1.9861151 1.9762756 2.1744682 0.2373378 0.9904053 2.0957253 0.2755997 0.9466880 2.0020484 
bin.129    1.3553784 1.9429869 1.9428848 1.5851149 0.9001383 1.8270519 1.9854762 1.9558674 2.1772043 0.0000000 2.0975985 2.0074259 0.7268328 0.7042160 1.9215994 1.9130310 0.8046869 0.7480167 2.0089890 2.1873456 2.0467379 0.7452658 0.7046977 1.8087052 1.9834190 0.7046533 2.3648433 0.9198198 0.7170266 1.6318002 2.0649270 1.9542031 0.7465996 0.9080667 2.0231335 2.2382018 0.7463091 2.1131300 2.0162646 1.8281904 1.9145537 1.9083635 1.8170390 0.1277596 1.9584920 1.9483834 1.9006965 2.1512289 2.0422448 1.7918142 0.6738103 2.0349649 1.8352826 1.8677770 1.8794850 2.0117166 1.9267238 1.8895283 1.9078072 1.8644452 1.8793693 0.7856382 1.9407391 1.4784333 0.6794100 2.0132523 1.8598426 1.9137170 1.8576371 2.1871558 1.8575444 1.9269863 2.0903172 2.0165463 1.8450040 1.7613177 2.0724966 0.8122094 1.8521589 1.7995347 2.0377575 1.9612514 1.9601023 1.9249710 2.0238111 0.7349701 0.7400460 1.5901767 1.5000453 1.9212687 1.7330577 2.1198308 0.9062961 2.0750507 2.0238920 1.8777274 2.0255790 1.9631095 2.0089195 2.2248165 1.8678840 0.6390629 1.7660219 0.8812118 0.7476473 2.0794791 1.9422179 2.1259685 1.8899184 0.8723887 2.1442083 1.9851893 1.5754028 1.8453995 2.0573446 1.9133618 1.8168706 2.0141496 1.8864405 0.7501656 1.8975532 1.8702964 1.7346490 1.9790600 2.1116959 0.6574329 1.8443820 0.7453073 1.9547721 1.8597502 2.1200619 1.8967292 1.9041027 0.8817781 
bin.132    2.0354670 2.0846644 1.9731081 1.9572530 1.8821221 1.9871596 2.1393175 2.1315210 2.2664188 2.0975985 0.0000000 1.9842339 2.1901366 2.0229368 2.0439482 0.9016609 2.1946181 2.2211126 0.8244752 2.1183484 2.2401674 2.0362511 2.1909743 1.7796428 2.1736994 1.9984105 2.1779639 2.0400324 1.9909922 2.1412804 0.4005266 2.0892028 2.1328856 1.9886598 0.9487941 0.8508676 2.0294362 0.2415608 2.1257292 1.9975818 2.0878594 1.8906632 1.7354589 2.1108656 2.0807092 2.0868641 2.0372833 0.8145520 0.9429150 1.9133855 1.9767283 0.9153626 2.0064794 2.0927448 2.0243278 2.0766611 2.2115269 2.0272624 2.0435174 2.0259563 2.0153272 2.1011846 2.1741452 1.7169149 2.0386650 0.9343192 1.7488863 1.4665715 1.9973214 0.4162816 2.0254608 2.0721595 0.6344131 0.9926448 1.9647913 2.1229465 2.3044514 2.1321759 2.1079335 1.9906875 2.1203387 0.8249763 2.1078849 2.0735480 0.9411789 2.2194723 2.0841265 2.0891705 2.0538326 2.0430516 1.7906219 0.9279042 2.1017113 0.7742080 0.9804784 2.0223826 1.9951691 2.1655609 0.9511701 0.3692610 2.0599213 2.0078122 1.9946219 2.1007178 2.0595234 2.2336032 2.0785666 0.3313173 2.1317325 2.0495706 0.3684462 0.3349596 2.1353381 2.0747732 0.6451538 1.9432277 2.0612342 0.5991857 1.9985203 2.0933786 2.0301073 2.1131687 2.0692559 0.9439270 0.3990965 1.9438033 2.0120457 2.0484514 2.0200190 2.1667579 0.8289233 2.1205079 2.0277590 1.9961873 
bin.133    1.8321794 1.6201703 0.3473827 1.6028808 1.8026577 1.8072154 1.6457098 1.8697146 1.6437181 2.0074259 1.9842339 0.0000000 1.9445803 1.9216873 1.9124122 1.6962169 2.0905705 2.1132083 2.0140666 2.0501268 1.8206864 1.8658020 1.9322289 1.6798662 1.6005394 1.9015520 1.9152206 1.7583235 1.8260764 1.9644751 1.8446905 1.5771601 2.0666628 1.9269983 1.9068589 2.0677473 1.9180894 1.9683983 1.5989706 1.5508045 1.5794426 1.6527026 1.6410000 1.9508265 1.5899505 1.7940494 1.5434533 1.9978257 1.9274472 1.7833293 1.8149143 1.8484177 1.8885928 1.4471947 1.5151290 1.8283080 1.5420021 1.5838514 1.5952234 1.5413401 1.7664826 2.1015247 1.6518291 1.4502093 1.9349768 1.9129963 1.5921247 1.7125403 1.6196319 1.9961308 1.8847387 1.5911104 1.9421772 1.8938723 1.5556175 1.9045004 2.0676138 1.9252124 1.9225861 1.9159468 1.5843708 1.9417498 1.5823435 1.9501408 1.9412031 1.9220814 1.9337785 1.8090604 1.9130901 1.5301295 1.6258061 2.0830610 1.9962234 1.9201994 1.9066093 1.5749824 0.4033058 1.6734145 1.9339529 1.9503573 1.5220500 1.7845184 1.5132504 1.8995093 1.8800533 1.6177045 1.6893139 1.9794747 1.5492821 1.9135674 1.9768739 1.9041352 2.0626997 1.5559536 2.0733591 1.0261862 1.7769489 1.9525518 0.4142127 1.9265250 1.5266736 1.6512038 1.9157383 1.9610611 1.9648372 1.9058116 1.8447835 1.9464346 1.5276438 1.6681808 1.9403777 1.5827546 1.4897055 1.9335366 
bin.135    1.3070485 2.0630185 1.8793063 1.8909642 0.7457481 1.8356054 1.9947053 2.0291385 2.1382351 0.7268328 2.1901366 1.9445803 0.0000000 0.6374544 1.8233572 1.8976801 0.8518350 0.7213405 2.0206320 2.1538089 2.0241134 0.6507851 0.6694534 1.7410422 1.9445447 0.5329852 2.3801110 0.6772282 0.2231091 1.7947451 2.1296403 1.8596244 0.6557051 0.7162043 1.9439239 2.1362596 0.8301242 2.1036845 1.9503545 1.8486327 1.8898323 1.8880179 1.6805356 0.6789273 1.8845160 1.8924395 1.9675848 2.0278075 2.0142939 1.6258658 0.7339916 2.0309080 1.7419911 1.8970397 1.9817153 1.9766733 1.9678766 1.9320055 1.9937897 1.8735213 1.7941993 0.6677068 1.9507689 1.5363395 0.6207634 2.0672380 1.8823028 1.7830230 1.8437749 2.1187594 1.6968522 1.9335943 2.1300377 2.0203193 1.8280528 1.7258391 1.9416040 0.6443545 1.6236595 1.7300336 2.0370924 2.0261228 1.9496767 1.9314234 2.0960303 0.6798706 0.5393427 1.5463673 1.6019545 1.9446295 1.6881157 2.2238865 0.6592646 1.9377490 1.9783057 1.8313895 1.9244287 1.9053486 2.0404337 2.1609773 1.9421354 0.6235753 1.7791434 0.7361892 0.5435507 2.0523025 1.8925215 2.1605529 1.9493116 0.6651813 2.2072136 2.0064116 1.7661378 1.9050886 2.0984493 2.0005802 1.6936804 2.0546034 1.8699744 0.6524603 1.9427071 1.8300839 1.6349019 1.9725032 2.1395273 0.6837887 1.7597097 0.5068607 1.8907955 1.8691299 2.0492714 1.9073071 1.8915966 0.7198291 
bin.141    1.2959595 1.8279494 1.9317016 1.1411646 0.6772317 1.8545621 1.9513959 1.7776862 2.1314710 0.7042160 2.0229368 1.9216873 0.6374544 0.0000000 1.7069700 1.7801088 0.8727932 0.2984885 1.9089021 2.0759228 1.9718959 0.3049579 0.5133885 1.6078820 1.9733410 0.5671496 2.3295960 0.6824891 0.5961685 1.5180178 1.8641395 1.9191621 0.3082341 0.7222440 1.8491092 1.9631616 0.7499571 1.9921267 1.9188770 1.7510295 1.8828014 1.7851704 1.6144827 0.6560435 1.8949971 2.0364814 1.7969869 1.9128019 1.9331467 1.6505217 0.6969023 1.8583147 1.7909344 1.7891561 1.7335000 1.9912162 1.9740334 1.8617412 1.8084297 1.8316418 1.6901425 0.4477530 1.9938720 1.3453505 0.5344500 1.8371070 1.6649757 1.7450479 1.6811441 2.1197170 1.6307886 1.8832265 1.9409579 1.9118747 1.7428231 1.5788840 1.9677892 0.2634427 1.8348280 1.6987656 1.9682773 1.8410797 1.7774111 1.7822477 1.8547150 0.3201911 0.6437522 1.4815356 1.4322088 1.8508787 1.6285196 1.9577846 0.7955336 1.8300266 1.8557681 1.8021410 2.0282643 1.9129657 1.8465973 2.0374511 1.8811666 0.6840174 1.7218428 0.8090810 0.6319251 2.0867445 2.0747218 1.9899948 1.8552117 0.6844702 2.0045495 1.8862391 1.5334037 1.8111303 2.0402902 1.8221111 1.7357914 1.9074956 1.8621852 0.5610627 1.7996967 1.8642917 1.5796826 1.8526039 2.0238432 0.2389553 1.7652402 0.6341598 1.8749467 1.8241516 1.9432827 1.9155304 1.7953321 0.7540468 
bin.143    1.6393357 1.7693678 1.9706131 1.6673719 1.7195496 1.6892875 2.0388105 1.8804621 2.0492141 1.9215994 2.0439482 1.9124122 1.8233572 1.7069700 0.0000000 1.7072152 1.8157044 1.8491749 1.8764455 2.0299086 1.9422532 1.7800503 1.8666836 1.6236256 1.8931265 1.6199708 2.2026118 1.7640276 1.7264217 1.8700181 1.8489562 1.8144755 1.8304457 1.6503681 1.8901470 1.8189468 1.6229201 2.0599924 1.8691700 1.8925197 1.8971951 1.7536398 1.6172060 1.7928717 1.8191887 1.7865572 1.8094520 1.8806539 1.9323275 0.5473025 1.7398856 1.9034744 0.3698977 1.8216319 1.8283528 1.9553440 1.8716216 1.8380410 1.8522317 1.7487091 1.7545737 1.8992660 1.8311992 1.4611100 1.8957624 1.8570260 1.6658701 1.7072941 1.8737346 1.9457578 1.6328572 1.9414643 2.0003792 1.8842699 1.7774260 0.6638644 2.0155430 1.7443111 0.6598386 0.3890864 1.8722540 1.8756527 1.9621203 1.6399404 1.8687861 1.8018246 1.6818477 1.6967059 1.7371014 1.8577654 1.4633730 2.0241614 1.8280258 1.8592011 1.8987160 1.9287906 1.9402170 1.9869893 1.8787018 2.0844301 1.8144083 1.6991499 1.8526180 1.7019236 1.7212256 1.7507222 1.9859946 1.9410691 1.8821192 1.8134474 2.0577470 2.0469925 1.7628646 1.7764799 2.0044734 1.9195346 1.4942406 1.8418418 1.8384030 1.7659999 1.7925399 1.8693845 1.7987281 1.9058699 2.0607680 1.5417000 0.3251746 1.8542601 1.7683645 1.8833631 1.8495034 1.8549547 1.8022145 1.7576867 
bin.144    1.9088108 1.8942378 1.6273577 1.9470341 1.7304820 1.7384198 1.7050769 1.9638521 1.8687033 1.9130310 0.9016609 1.6962169 1.8976801 1.7801088 1.7072152 0.0000000 1.9230447 2.0392653 0.7092654 1.9129350 1.8138468 1.9261869 1.9252651 1.6392875 2.1539008 1.8389116 2.0649136 1.7784981 1.8411857 2.0599734 0.8259389 1.9135524 2.0337567 1.8404477 0.6025905 0.7620379 1.9247772 0.8676629 1.9195583 1.7547912 1.8088176 1.8057961 1.6459414 1.9147016 1.7757078 1.9207531 1.8664624 0.6913941 0.5716676 1.7279641 1.7619730 0.5831154 1.7540155 1.8044333 1.9034521 1.8127076 1.8618641 1.7634452 1.8568418 1.9177425 1.8003305 1.9113592 1.9741052 1.5529130 1.9670085 0.5923641 1.6729565 1.2126382 1.7194840 0.8858620 1.7024588 1.9463295 0.8768793 0.1095662 1.8083010 1.8259193 1.9958734 1.7545303 1.7347336 1.7648710 1.8543850 0.6959849 1.8767081 1.7971642 0.5975389 2.1169876 1.8602371 1.8652893 1.9628041 1.8627830 1.6356797 0.4115059 1.9786556 0.6826325 0.1007745 1.8368428 1.6885504 2.0382046 0.0920981 0.9213496 1.7759376 1.7766195 1.7885264 1.8281598 1.8854308 1.8496904 2.1642651 0.8716414 1.9285390 1.8399464 0.8492596 0.8885011 2.1162329 1.7716911 0.9149627 1.5488355 1.8050179 0.8915262 1.8054729 1.8887165 1.9012998 1.9164172 1.8182445 0.0998329 0.8929819 1.7990011 1.8202064 1.8033052 1.7432908 1.9038583 0.7372923 1.7950595 1.8304355 1.8591014 
bin.145    1.4020636 2.0071852 1.9972917 1.9399508 0.8612656 1.8334389 2.0391088 2.0085515 2.2377586 0.8046869 2.1946181 2.0905705 0.8518350 0.8727932 1.8157044 1.9230447 0.0000000 0.9264654 2.1148235 2.1025765 1.9869605 0.8465327 0.8750137 1.7874054 2.0817376 0.7710192 2.4418870 0.9977763 0.8421404 1.6718720 1.9837759 2.1037262 0.9904762 0.9166021 2.0044814 2.2722239 0.2225365 2.2070093 2.0154168 2.0042797 1.9563465 1.8707755 1.7591319 0.7842998 2.0579036 1.8725098 1.9691080 2.1667142 2.1262326 1.7079469 0.6679517 2.1232461 1.7783894 1.8994045 2.0531727 2.1660854 2.1266471 2.0295591 2.0197308 2.0047489 1.8451854 0.8897192 1.9102078 1.6068532 0.8622506 2.0826280 1.8205631 1.8676205 1.9316678 2.1611850 1.8736572 2.0850870 2.1442775 2.1399053 2.0228997 1.7130549 2.0565354 0.8086275 1.8266261 1.7357370 1.9915448 2.0940843 2.0869516 1.8682235 2.1149150 0.8858632 0.8663739 1.5115097 1.5320559 1.9814539 1.6841568 2.1784919 1.0200069 2.1831317 2.1245359 1.9204305 2.0995380 2.1396549 2.1202406 2.1405899 1.9337208 0.7309535 1.9532949 0.9507326 0.8688924 2.0273870 2.0917931 2.1376594 1.9360540 0.9121797 2.1779282 2.1351798 1.7506101 2.0436201 2.1916622 2.1550470 1.7366194 2.0831561 2.0067602 0.8758480 1.9686876 2.0233079 1.7451785 2.0295109 2.2507118 0.7689300 1.6776715 0.8903211 2.0493426 1.9140644 2.1353627 2.0241412 1.9761104 0.9632075 
bin.148    1.4439601 1.9897727 2.0336540 1.6861388 0.8750973 1.9194781 1.9681329 2.0597382 2.1428985 0.7480167 2.2211126 2.1132083 0.7213405 0.2984885 1.8491749 2.0392653 0.9264654 0.0000000 2.2024405 2.1957202 2.1685392 0.2564935 0.6539970 1.7283149 2.0760465 0.6690669 2.5429180 0.9115139 0.6670216 1.8193117 2.0970821 2.0035119 0.2647037 0.8277991 2.0366972 2.2418036 0.8504072 2.1572480 1.9947058 1.9348973 2.0278673 2.0174197 1.7852531 0.7824051 2.0372560 2.1070575 1.9907094 2.1534009 2.1292369 1.8043608 0.7998990 2.0945241 1.8409946 1.9508493 1.9949061 2.1699114 2.0107741 1.9960364 1.9992067 1.9278944 1.7305903 0.3102649 2.0735608 1.6837464 0.6088411 2.1025439 1.8292085 1.8944935 1.9857042 2.2354391 1.7850346 1.9585416 2.1639362 2.0841128 1.9262209 1.8413711 2.1510871 0.2093795 1.8646549 1.8755282 2.0173387 2.0960588 1.9096833 2.0148158 2.1211985 0.2428124 0.7318012 1.5434235 1.6363266 2.0202082 1.6956324 2.2252181 0.9150554 2.0940894 2.1612320 1.9289243 2.1382886 1.9844004 2.1685373 2.1608929 1.9622569 0.7317235 1.8603996 0.8991805 0.7688035 2.1332474 2.0154080 2.2204417 1.9370684 0.8916585 2.2348470 2.0846170 1.7107237 1.8399052 2.2023343 2.0149017 1.8394470 2.0531983 2.0453670 0.6543045 1.9260328 1.9103675 1.7167145 2.0741805 2.2004308 0.2467018 1.8731373 0.7042385 1.9906953 1.9938526 2.2880720 1.9587834 1.9225322 0.8811831 
bin.149    2.0826295 2.0227150 1.9725688 1.9900297 1.9595520 1.7996444 2.1670495 2.0933856 2.1589304 2.0089890 0.8244752 2.0140666 2.0206320 1.9089021 1.8764455 0.7092654 2.1148235 2.2024405 0.0000000 2.1050045 2.1703480 2.0399601 2.0619298 1.7425106 2.1315979 1.8818210 2.1486894 2.0228196 2.0121237 2.2669618 0.7914111 2.0515340 2.0502458 2.0148055 0.7486501 0.2308477 2.1249928 0.8130019 2.0852913 1.9386970 2.1004388 1.8922092 1.7284631 2.0163244 2.0388819 1.9767131 1.9944324 0.2008208 0.7257416 1.8530360 1.9337199 0.7062858 1.8652285 2.0270476 1.9978868 1.9751651 2.1721521 2.0541512 2.0105468 2.0869152 1.9493131 2.0149508 2.0837504 1.7219785 2.1017852 0.7094545 1.6885944 1.2992056 1.9348545 0.7962325 1.9670721 2.0836038 0.9045949 0.7832053 2.0228852 1.9186224 2.2324517 1.9948793 1.9558397 1.8925037 2.1799583 0.0840379 2.0602567 1.9882122 0.7071060 2.0935491 2.0019593 2.0452205 2.0494226 2.0430123 1.8900894 0.6869730 2.0756428 0.2280649 0.7222303 2.1125051 1.9789182 2.1659303 0.7344794 0.8374043 2.0583673 1.9413198 2.0148141 2.0620854 1.9542379 2.1660777 2.0578434 0.8017018 2.1288351 1.9858846 0.8114410 0.7788774 2.1162295 2.1163914 0.9199287 1.8546561 2.0990745 0.8502845 1.9858745 1.9664085 2.0149967 2.0714148 2.0395171 0.7201775 0.8319929 1.9530521 1.8344427 1.9955225 2.0156151 2.0961884 0.2331314 2.0985318 2.0134433 2.0562625 
bin.151    2.0664812 2.1447912 2.0409552 1.9865036 2.0997176 2.1732548 2.1019426 2.1143445 2.4319622 2.1873456 2.1183484 2.0501268 2.1538089 2.0759228 2.0299086 1.9129350 2.1025765 2.1957202 2.1050045 0.0000000 2.1783133 2.1536322 2.2103585 1.9497736 2.1382253 2.0488995 2.0712100 2.2651401 2.1187603 2.3092913 2.1038827 2.0388134 2.0751006 2.1009517 1.9512420 2.1254452 2.1061149 2.1580852 2.0714080 2.0969125 2.0583004 1.9439180 1.9933374 2.1355402 2.0255824 2.1475861 1.9733152 2.1518281 2.0924654 2.1121869 2.1107004 2.0046347 2.1013533 2.0371625 2.0640665 2.1437041 2.1030341 2.0477920 2.0452635 2.0320442 1.9328847 2.2383753 2.0776914 1.9246574 2.1601854 2.0282392 2.0276606 1.8450476 1.9180522 2.1649035 2.0617707 2.1535490 2.1488883 2.1608955 1.9223361 2.0133299 2.3749446 2.1543984 2.1068394 2.0255748 2.0891574 2.0545104 1.9963673 2.1598032 2.0150060 2.1873921 2.1314119 2.1208339 2.1668773 2.1011440 2.0117334 2.1704735 2.3352111 2.0828752 2.0277836 2.0425390 2.0241715 2.0292311 2.0521755 2.0890744 2.0044291 2.0751109 1.9701186 2.2395149 2.0584679 2.2080919 2.0887332 2.1043841 2.1500511 2.1963373 2.1038282 2.0319690 2.3215533 2.1184614 2.2886608 2.1107839 2.1102645 2.1820945 2.1903899 2.1339264 2.0341158 2.0407737 2.1810212 2.0707784 2.1061411 2.0709962 2.0021232 2.1730068 2.0400159 2.1256063 2.0763796 2.0200198 2.0217722 2.1970363 
bin.160    1.8838827 0.2949676 1.6478471 1.0502652 1.8726334 1.9413183 1.0163433 2.0978832 0.2591397 2.0467379 2.2401674 1.8206864 2.0241134 1.9718959 1.9422532 1.8138468 1.9869605 2.1685392 2.1703480 2.1783133 0.0000000 2.0350946 2.0191792 1.8004013 1.0417838 1.9404887 1.6161230 2.0593970 1.9414145 2.0342633 2.1817636 0.9943375 1.9587331 1.9190194 2.0259963 2.2238285 1.8580240 2.1565974 0.2299375 0.9786765 0.4621227 1.8796589 1.8397833 1.9791842 0.2212643 1.8934542 0.9884747 2.2213500 2.2181822 1.7984540 1.9551755 2.1493517 1.9569031 1.0260469 0.9588225 2.0894650 0.1948896 0.1398453 0.4154457 1.0000808 1.7629610 2.0650088 0.4260951 1.7176455 2.0185041 2.1635213 1.9616121 1.8449355 1.8321025 2.2098079 1.9669275 0.9437324 2.1395949 2.2474740 0.3977230 2.0815262 2.1646774 1.9071536 2.0167921 1.9127491 0.3983400 2.1597507 0.9966730 2.1149480 2.1648534 1.9450367 1.8934936 1.9512777 1.8791422 0.9582999 1.8132252 2.2808901 2.0825216 2.0825780 2.0657559 0.2259613 1.7476876 0.9865590 2.0792878 2.2830415 0.3795402 1.9524825 0.9087017 1.9415255 1.9645951 0.2291987 0.2567764 2.1891111 0.2317175 2.0567060 2.1854094 2.2749103 1.9353147 0.2298591 2.2155021 1.6942518 1.9426868 2.1277222 1.8974770 2.0354619 0.9666779 0.9656257 1.9836828 2.0408376 2.2279162 1.9543564 1.8621754 2.2402056 0.1947007 0.9406417 2.1584449 0.2791429 0.9893184 1.9556020 
bin.165    1.2971237 1.8146139 1.8790576 1.3666911 0.8064726 1.8434805 1.8678513 1.9416937 2.0376973 0.7452658 2.0362511 1.8658020 0.6507851 0.3049579 1.7800503 1.9261869 0.8465327 0.2564935 2.0399601 2.1536322 2.0350946 0.0000000 0.5374645 1.6814386 1.9471369 0.5505130 2.2323650 0.8035899 0.5920831 1.6673542 1.9184645 1.9177008 0.3048498 0.7835522 1.8684842 2.1319092 0.7631051 2.0522046 1.8781769 1.8115368 1.8959978 1.8349898 1.7107029 0.7050454 1.8764471 1.8994305 1.8554875 2.0255555 1.9863845 1.6659269 0.7102731 1.8992337 1.7782123 1.8009880 1.8466783 1.9785789 1.9327192 1.8772096 1.8413562 1.8470479 1.7429935 0.3845674 1.9247175 1.5449925 0.5389235 1.9244870 1.7539005 1.8009763 1.7548022 2.0484788 1.7252916 1.9024548 2.0063592 1.9349830 1.7570910 1.7933518 2.0511950 0.2374464 1.8344399 1.6981095 1.8898177 1.9394031 1.8034038 1.8665969 1.9629436 0.2652408 0.6854434 1.4735559 1.5055521 1.8515390 1.5750383 2.1661437 0.8578034 1.9532087 1.9923665 1.7795903 2.0058872 1.9015789 2.0196796 2.0415460 1.8192714 0.6515010 1.7861103 0.8720798 0.6467122 1.9455746 1.9595197 2.0352976 1.8833639 0.7779748 2.0429076 1.8965874 1.6088776 1.8078712 2.0654353 1.8553861 1.7256231 1.9263712 1.9363326 0.5875996 1.8118474 1.8649949 1.6120196 1.9776181 1.9852311 0.2341968 1.7330149 0.6735847 1.8827642 1.8684890 2.0861571 1.8661537 1.8439307 0.8040485 
bin.166    1.3675836 2.0405906 1.9284765 1.5217157 0.7635786 1.9744953 1.9969400 2.0073149 2.0982658 0.7046977 2.1909743 1.9322289 0.6694534 0.5133885 1.8666836 1.9252651 0.8750137 0.6539970 2.0619298 2.2103585 2.0191792 0.5374645 0.0000000 1.7705024 2.0356955 0.5721306 2.3937138 0.7866232 0.6251209 1.7920576 2.0971124 1.9445741 0.6581360 0.7759958 1.9377040 2.1806692 0.7770590 2.1778102 2.0173043 1.9470077 1.9069792 1.8225192 1.7981256 0.6665041 1.9206667 1.8930363 1.9624906 2.0867670 2.1030075 1.7056830 0.7009555 1.9547542 1.8624600 1.8946307 1.9150301 2.0803691 1.9694715 1.9496781 1.9234380 1.9450406 1.8142493 0.6268721 2.0381680 1.5158413 0.3024471 2.0290511 1.8288019 1.8396846 1.8329658 2.1756760 1.9043574 2.0814805 2.0683237 2.0410332 1.8228881 1.7340835 2.0521464 0.5835932 1.8642189 1.8565264 2.0369860 2.0324799 1.9793761 1.8746406 2.0898328 0.6069613 0.6903400 1.5786289 1.5606472 1.9450474 1.6966789 2.2580479 0.8716152 2.0355312 2.0131033 1.9262336 2.1813152 1.9820634 2.0531970 2.1414780 1.9102707 0.6331713 1.8442660 0.8273158 0.6339607 2.0420744 2.0491217 2.0897557 1.9699157 0.7495959 2.1511967 1.9944140 1.6527626 2.0273350 2.1457875 1.9833788 1.7809990 2.0036273 2.0382063 0.3379180 1.9688912 1.9313973 1.6361026 1.9726199 2.1311531 0.5105655 1.8786291 0.6882609 1.9094564 1.8914759 2.1707071 1.9617867 1.9072308 0.7826992 
bin.167    1.6758358 1.6073398 1.6291753 1.5476901 1.5792762 1.6860728 1.7707509 1.7095786 1.7332771 1.8087052 1.7796428 1.6798662 1.7410422 1.6078820 1.6236256 1.6392875 1.7874054 1.7283149 1.7425106 1.9497736 1.8004013 1.6814386 1.7705024 0.0000000 1.7208696 1.6149559 1.8691508 1.5814950 1.6585444 1.7253389 1.7678098 1.6932099 1.7119802 1.7296320 1.7038564 1.7883937 1.6855533 1.6968257 1.7170778 1.6161590 1.6425515 1.0795784 0.5504367 1.8053738 1.6329009 1.2246870 1.6435884 1.7992944 1.7745728 1.6256579 1.6629851 1.7453082 1.7100964 1.6227498 1.6335667 1.6739503 1.7228193 1.6493052 1.6268670 1.6206131 1.5261589 1.6823808 1.7576426 1.3263722 1.7354127 1.7751902 0.5509968 1.6049344 1.4522805 1.8246534 1.6358033 1.6375943 1.8014765 1.7752318 1.5690488 1.6449443 1.8371659 1.7076175 1.7103574 1.6506232 1.6561395 1.6936371 1.6612137 1.7162731 1.8175169 1.7037232 1.6904163 1.6603056 1.7253400 1.6489889 1.5581429 1.8455175 1.7910139 1.6215192 1.7458652 1.5992926 1.7682053 1.6383357 1.7842091 1.8425111 1.6231467 1.6341062 1.5416044 1.6774054 1.6898411 1.7358911 1.8078657 1.7416279 1.6739768 1.6940820 1.7521051 1.6353880 1.7917916 1.6066006 1.7662053 1.6193282 1.5843908 1.6920978 1.6776454 1.7694026 1.6235817 1.6517815 1.7398832 1.8029730 1.7573629 1.5983821 1.6246643 1.6911451 1.6246260 1.6494030 1.7218659 1.6357837 1.5950717 1.7178486 
bin.170    1.8075409 0.9756536 1.4118567 0.4846916 1.9393050 1.8645952 0.9575826 1.9184061 0.9316170 1.9834190 2.1736994 1.6005394 1.9445447 1.9733410 1.8931265 2.1539008 2.0817376 2.0760465 2.1315979 2.1382253 1.0417838 1.9471369 2.0356955 1.7208696 0.0000000 1.7328615 1.3744527 1.7732887 1.8402703 1.9944237 2.1107135 0.5073771 2.0142631 2.0158426 2.0922325 2.1863232 1.8543226 2.1964918 0.9176767 0.9255293 0.9569870 1.7951110 1.8505840 2.0156052 0.9230589 1.9168471 0.3400947 2.1940031 2.1062487 1.8950546 1.8378899 2.0530888 1.9202131 0.3157501 0.2726041 1.7659424 0.9383095 0.9289047 0.9269805 0.0546640 1.6518152 1.9501843 0.9520897 1.6018548 1.9517242 2.1220937 1.8937247 1.7802777 1.6003844 2.1166200 1.9059365 0.9223522 2.1389023 2.1241099 0.9447483 1.9872433 2.0041000 1.9049955 1.9518891 1.8321514 0.9045191 2.0794149 0.9999980 2.0112902 2.0943933 1.8950961 1.8050982 1.9087356 1.9621240 0.1207730 1.8462298 2.3686993 2.0105746 2.0923844 2.2195560 0.9744041 1.6039816 0.9564937 2.2736895 2.0601035 0.9316213 1.8467568 0.8800827 1.8974433 2.0240063 0.9370631 1.0052484 2.1179181 0.9624146 2.1057745 2.1324101 2.0854857 2.0412600 1.0042822 2.1545819 1.6687775 2.0665814 2.1631825 1.7475130 2.1062428 0.2488713 0.8807474 1.8226306 2.1609199 2.1304159 1.9636436 1.8689404 2.0672226 0.8872042 0.9718844 2.1205480 0.9004202 0.2497486 1.9866271 
bin.172    1.2892427 1.8519556 1.7278638 1.6277401 0.7179425 1.7865490 1.8465680 1.8303011 1.9427635 0.7046533 1.9984105 1.9015520 0.5329852 0.5671496 1.6199708 1.8389116 0.7710192 0.6690669 1.8818210 2.0488995 1.9404887 0.5505130 0.5721306 1.6149559 1.7328615 0.0000000 2.0913607 0.7639316 0.5118650 1.6451403 1.9300580 1.8119302 0.6143407 0.7277340 1.8194772 1.9340109 0.6824101 2.0093432 1.8307543 1.7885884 1.7703378 1.7029623 1.6218608 0.6284268 1.7818465 1.7623815 1.8186660 1.9251191 1.8795337 1.5123145 0.6187125 1.9091928 1.6460481 1.7457648 1.7731203 1.9776411 1.8638314 1.7973917 1.7543528 1.7254700 1.6856234 0.6171452 1.7926427 1.5218423 0.5724056 1.9162671 1.7206567 1.6650784 1.6616084 1.9727029 1.7177449 1.8912537 1.9597677 1.8822667 1.7229458 1.5961574 1.8316341 0.6059520 1.6783623 1.6042045 1.8870365 1.8671979 1.7956842 1.6783980 1.9261075 0.5948893 0.5775235 1.3801735 1.4103729 1.7344114 1.6007755 2.1096305 0.7106708 1.8647773 1.8684380 1.7234431 1.8550548 1.8587831 1.8950492 1.9818533 1.7499559 0.5335974 1.7081476 0.7459338 0.5708205 1.8852191 1.8366154 2.0128112 1.8059188 0.7273838 2.0097974 1.8824506 1.5337823 1.7670560 1.9361002 1.8180968 1.6642568 1.8547580 1.8132378 0.6024873 1.7487398 1.7176441 1.5119476 1.9063810 1.9740962 0.5510142 1.6266013 0.5642992 1.8067083 1.6982115 1.9123903 1.8369421 1.7024884 0.7158749 
bin.173    2.1315209 1.5214858 1.8131127 1.2371980 1.9854771 2.2677139 1.4613533 2.2817295 1.5756184 2.3648433 2.1779639 1.9152206 2.3801110 2.3295960 2.2026118 2.0649136 2.4418870 2.5429180 2.1486894 2.0712100 1.6161230 2.2323650 2.3937138 1.8691508 1.3744527 2.0913607 0.0000000 2.2781756 2.1458250 2.5224702 2.0168101 1.3823418 2.3273348 2.1716642 2.3969109 2.1144087 2.2457949 2.2192586 1.4556015 1.3922504 1.3263418 1.9651704 1.8776228 2.2534392 1.3817473 1.9569774 1.3555937 2.2702666 2.4475487 1.9439279 2.1542751 2.4412473 2.1179158 1.3538126 1.3705064 2.0962702 1.5108569 1.4167317 1.3487184 1.3656930 1.9900980 2.2973038 1.4845237 1.8956648 2.5037274 2.3700631 1.8461619 2.1558685 1.8015680 2.1985945 2.1027857 1.4625666 2.3512339 2.2954670 1.3504415 2.0614776 2.4452778 2.1505178 2.0930644 2.2602269 1.4737553 2.1042503 1.4440921 2.2468084 2.3209818 2.5015230 2.1935234 2.1255477 2.2396225 1.3179461 2.1434342 2.1534040 2.4255318 2.1504251 2.3422909 1.5421446 1.8158100 1.3634230 2.2229538 2.2323631 1.3391444 2.1517024 1.3135369 2.1658177 2.2635927 1.5325780 1.5523250 2.2199883 1.4183683 2.3388448 2.2316859 2.2431053 2.3186346 1.4264187 2.3556774 1.7862587 2.1758463 2.2446108 1.8029193 2.3400342 1.3023501 1.3458425 2.1797595 2.2631064 2.2533831 2.2108346 1.9672817 2.4010316 1.3385128 1.3687228 2.1584237 1.3391694 1.4151820 2.2199863 
bin.174    1.2376871 1.6472767 1.8649611 1.3507636 0.2604841 1.8315686 1.8806233 1.8474303 2.1547920 0.9198198 2.0400324 1.7583235 0.6772282 0.6824891 1.7640276 1.7784981 0.9977763 0.9115139 2.0228196 2.2651401 2.0593970 0.8035899 0.7866232 1.5814950 1.7732887 0.7639316 2.2781756 0.0000000 0.6189797 1.8198839 1.8976156 1.8904747 0.8859437 0.2969452 1.9690278 2.0853918 0.8339190 2.0624024 1.9742581 1.8071845 1.8451605 1.7591533 1.5865305 0.8728890 1.7641549 1.9009383 1.7665969 2.0463527 1.9708352 1.6164582 0.7842903 1.9636115 1.7572276 1.7381629 1.6942272 2.0191955 1.8863876 1.8429847 1.7754320 1.6298226 1.7060625 0.9381544 1.9358000 1.3995638 0.7785123 1.9299267 1.6116197 1.7596085 1.6988416 2.0289567 1.7549647 1.8530838 1.9872012 1.8459794 1.7040775 1.8081404 1.8883747 0.8673542 1.7948507 1.7877090 2.0029427 1.9781525 1.8576213 1.8187049 1.9346113 0.8511952 0.6637991 1.5038246 1.6163000 1.6985053 1.5665925 2.1491404 0.3311103 1.8752942 1.8530217 1.7122501 1.9142127 1.8235036 1.8616327 2.0289958 1.7086790 0.8551408 1.6984521 0.1835193 0.6416584 1.7757536 2.0237877 1.9837231 1.8040457 0.3239967 2.0656558 1.9336865 1.6420026 1.7275588 1.9828807 1.8209939 1.6423740 1.8958507 1.7835371 0.7764366 1.7267461 1.6624258 1.7594033 1.8921913 1.9906080 0.7747239 1.7621480 0.6512137 1.7997943 1.6879468 2.0229909 1.8676810 1.7230266 0.3664990 
bin.175    1.3000807 1.8202427 1.7763291 1.4050955 0.6048256 1.8824340 1.8667537 1.9252879 2.0758697 0.7170266 1.9909922 1.8260764 0.2231091 0.5961685 1.7264217 1.8411857 0.8421404 0.6670216 2.0121237 2.1187603 1.9414145 0.5920831 0.6251209 1.6585444 1.8402703 0.5118650 2.1458250 0.6189797 0.0000000 1.6479276 1.9629389 1.8931027 0.6712178 0.5903891 1.8638383 2.0043983 0.7018198 1.9824296 1.9394924 1.8030414 1.8423299 1.8084063 1.6622954 0.6597135 1.8160160 1.8361223 1.8396069 1.9607081 1.9029315 1.5170543 0.6162633 1.8833406 1.7170532 1.7598798 1.8155340 2.0348122 1.9193652 1.8436929 1.8347445 1.7988441 1.6907721 0.6595111 1.8491114 1.4510224 0.6033064 1.9009158 1.7232431 1.7557540 1.7346566 2.0134511 1.6931652 1.9268904 1.9622168 1.9983527 1.7252316 1.7214684 1.8885324 0.6041482 1.6190550 1.6647153 1.8802819 1.9134543 1.8381051 1.8251056 1.9221335 0.6276486 0.4673132 1.4613647 1.5144463 1.8310627 1.4876611 2.1664225 0.6688933 1.8777178 1.9475298 1.7285987 1.9231519 1.9386307 1.9466975 2.0091323 1.7910796 0.6021872 1.7268955 0.7107765 0.4892892 1.9441676 1.7658623 1.9715301 1.8424170 0.6168998 2.0178900 1.8755645 1.6881467 1.8185209 1.9652537 1.8568892 1.5724265 1.8748200 1.8438621 0.6205562 1.7953607 1.7358556 1.5121400 1.9049235 1.9571843 0.6195426 1.6453868 0.4230432 1.8420465 1.7969437 2.0391654 1.8247323 1.7742460 0.6253525 
