94
PP054355.1 0.0000000 1.3145212 1.4986925 1.4467960 8.9999982 1.6503251 0.8756637 0.9442557 0.1110313 8.9999986 8.9999989 1.0345095 0.6758402 1.3060364 1.4829919 1.3589799 1.8850999 1.3948203 8.9999985 0.4740430 1.0422053 1.2254048 1.4785675 1.2488054 2.0662323 1.4747001 8.9999987 2.6890934 1.8561359 1.7769638 8.9999980 1.7534181 1.4974883 1.2508731 1.5640532 1.6992602 1.3063079 2.1411834 1.5793353 1.1045298 4.2461317 1.9559029 5.1599848 8.9999988 8.9999985 8.9999989 1.3750027 2.1116113 7.5287615 8.9999989 9.0000000 8.9999981 8.9999985 8.9999990 1.3837856 2.1365873 0.4229711 1.6690509 2.2919615 1.9044004 0.9210930 1.2345782 1.7794833 2.3029170 2.4129550 2.4463732 1.8169814 2.8032482 2.6580500 2.7412473 8.9999982 3.1384000 2.1150308 1.9578334 2.0178803 8.9999989 2.0445962 1.2206852 1.7448411 1.7200158 5.8460587 1.9229852 1.7827245 1.5076575 1.0080856 1.4055906 7.4240382 1.9387994 1.6834080 1.1506438 1.8690491 1.5727879 1.4957108 1.8351404 
OR242366.1 1.3145212 0.0000000 1.3190869 1.2331269 0.0000010 1.3894162 0.8713769 1.0448430 1.1142941 0.0000010 0.0000010 1.3041705 0.7247193 1.0032194 0.0000010 1.0989786 2.4797001 1.3431124 0.0000010 0.5988442 0.9840924 1.0144784 1.3863926 1.1953656 1.6741823 1.1177997 0.0000010 1.5955883 1.5149913 1.2205019 0.0000010 1.4709761 1.2424045 1.0108022 1.3786733 1.2198384 1.2528631 1.9323184 0.9862170 0.8747717 2.5313349 1.4901542 0.0000010 0.0000010 0.0000010 0.0000010 1.4253051 1.5758030 0.0000010 0.0000010 0.0000010 0.0000010 0.0000010 0.0000010 0.9788285 1.2268479 0.0000010 1.5162667 1.5948070 1.2515301 0.7281269 1.0052076 1.4931603 1.8661559 1.7841970 1.7403786 1.8249249 1.7120081 2.7523768 1.7729128 0.0000010 1.7613528 1.6822311 1.9258132 1.8133257 0.0000010 1.4510021 1.4505419 1.2591818 1.2366446 0.0000010 1.7719891 2.0873593 0.9400042 0.0763923 1.2664354 0.0000010 1.6587796 1.1017481 1.0785375 1.4451624 1.2200773 1.4997888 1.9205009 
OR242365.1 1.4986925 1.3190869 0.0000000 0.9833036 0.0000010 1.6026267 1.6258203 1.4541351 1.7716232 0.0000010 0.0000010 1.2086411 1.0294866 1.0398313 0.0000010 1.5097414 2.5840351 0.7688632 0.0000010 0.8245919 0.9701459 0.9081594 1.3568531 1.1363330 1.4638379 1.4059134 0.0000010 1.6665745 1.5042973 1.2853536 0.0000010 1.5035410 1.5332800 1.0011475 1.2756656 1.4159893 1.2365035 1.4893215 1.3300871 1.4074878 2.6641972 1.5238086 0.0000010 0.0000010 0.0000010 0.0000010 1.5986265 1.5737490 0.0000010 0.0000010 0.0000010 0.0000010 0.0000010 0.0000010 1.1852565 1.3035848 0.0000010 1.6594171 1.4515819 1.5936763 0.5987987 1.7303935 1.8251984 1.7069267 1.8157669 1.6828730 1.4895470 1.8051028 3.8977681 1.8528977 0.0000010 1.8084562 1.5813043 1.6009669 1.3995070 0.0000010 1.1672965 1.1116082 1.1497352 1.1806791 0.0000010 1.6126409 1.9207471 0.7454516 0.0000010 1.3299539 0.0000010 1.4687953 1.1471216 1.0382024 1.4625232 1.2452815 1.6816358 1.7010024 
MW522909.1 1.4467960 1.2331269 0.9833036 0.0000000 0.0000010 1.2203628 1.3916322 1.0010150 1.2504551 0.0000010 0.0000010 1.0218745 0.9009389 0.9659489 0.0000010 1.3335255 2.1111522 0.7095325 0.0000010 0.5893993 0.8186581 0.9745911 1.1064096 1.0308317 1.3187355 0.9914324 0.0000010 1.4495460 1.2878961 1.1125617 0.0000010 1.3465100 1.1646161 0.8723801 0.9877266 1.2013098 1.2135342 1.3040036 1.1436497 0.9066545 3.0519112 1.3485940 0.0000010 0.0000010 0.0000010 0.0000010 1.1317383 1.3522064 0.0000010 0.0000010 0.0000010 0.0000010 0.0000010 0.0000010 0.9363258 1.1305045 0.0000010 1.0933417 1.5273368 1.2399800 0.7691552 1.5382974 1.4144185 1.5074409 1.3722714 1.5059395 1.4046697 1.5359668 2.5825231 1.8471217 0.0000010 1.9558791 1.2310658 1.1700406 1.3114141 0.0000010 1.4046580 0.9111394 1.1608576 1.1528259 0.0000010 1.4974180 1.7346780 0.7431708 0.2391041 1.1633987 0.0000010 1.2851905 0.9789146 1.0495838 1.2853827 1.2131695 1.1322798 1.3335914 
OP245173.1 8.9999982 0.0000010 0.0000010 0.0000010 0.0000000 0.0000010 0.0000010 0.0000010 8.9999989 0.7866378 0.7141496 1.1010774 0.0000010 0.8052133 0.4874911 0.0000010 0.0000010 0.0000010 0.5490164 0.0000010 0.6014429 0.5582670 0.6299410 0.8066591 0.6586221 0.7034899 0.5558619 0.8096823 0.7311056 0.6696983 0.6544352 0.7032860 0.7948291 2.0992506 6.3145943 0.7531864 0.0000010 0.7787501 0.0000010 0.0000010 0.0000010 0.0000010 0.6474215 0.4506666 0.5625854 0.5059434 0.0000010 0.0000010 0.7275373 0.5796215 0.3827140 0.5292170 0.5196595 0.9237781 0.7858961 0.7435682 0.6451144 0.7506598 0.7671267 0.7450339 0.8676590 0.0000010 0.0000010 0.7839200 0.8509774 0.8327241 0.7434718 0.8327091 0.0000010 4.4093726 0.8523779 8.7475710 0.7938638 0.8199246 0.8454799 0.8168052 0.9947086 6.5192545 0.7895526 0.9619942 0.7111986 0.0000010 0.8717268 0.8548329 0.8787702 0.0000010 0.8872876 0.8237575 0.0000010 0.0000010 0.0000010 0.0000010 0.0000010 0.8459527 
ON677408.1 1.6503251 1.3894162 1.6026267 1.2203628 0.0000010 0.0000000 1.2218160 1.2570489 1.4745584 0.0000010 0.0000010 1.5438178 0.9748958 1.2565897 0.0000010 1.1782563 2.0828583 1.2072289 0.0000010 0.6436054 1.2214332 1.2598773 0.5038569 0.8828778 0.7948275 1.0342753 0.0000010 0.4938894 0.9651488 0.8412619 0.0000010 0.9592580 0.7109357 0.9751041 1.4985072 1.2513335 1.0156532 1.4353362 1.0052340 0.6614450 1.7587246 0.4815744 0.0000010 0.0000010 0.0000010 0.0000010 0.5655186 0.5222688 0.0000010 0.0000010 0.0000010 0.0000010 0.0000010 0.0000010 0.5080040 0.4893367 0.0000010 0.9049501 0.9252482 0.9017094 0.5947973 0.8108476 0.3661620 1.5682373 1.3121900 1.2571509 1.3587515 2.0133842 2.2292299 1.8530788 0.0000010 2.0539266 1.3171599 1.2623612 1.3525310 0.0000010 1.2250249 1.0260655 1.2467135 1.1307812 0.0000010 1.2648243 1.7592194 0.6950699 0.4987050 1.0130614 0.0000010 1.3906872 1.1135198 0.9929311 1.1371412 0.9993868 0.9050661 1.2866581 
OP198714.1 0.8756637 0.8713769 1.6258203 1.3916322 0.0000010 1.2218160 0.0000000 0.8546746 0.8179319 0.0000010 0.0000010 0.8799679 1.1450926 0.9127902 0.0000010 1.3837750 1.6187089 1.1932511 0.0000010 0.4717854 0.8285843 0.8685397 1.0518546 0.8720291 1.5516390 1.0939533 0.0000010 2.0887898 1.3868439 1.1229037 0.0000010 1.8562619 1.5612930 0.7602718 1.1569289 1.5818580 1.0311455 2.0706281 0.9418950 1.0677084 5.6616076 1.3258029 0.0000010 0.0000010 0.0000010 0.0000010 1.1123515 1.7152212 0.0000010 0.0000010 0.0000010 0.0000010 0.0000010 0.0000010 1.0366986 1.3861619 0.0000010 1.2099441 2.1168070 1.7000960 0.5380487 0.9451993 1.2258665 2.5064611 2.2581753 2.3420914 1.8371232 2.4745764 2.5158996 3.1744458 0.0000010 3.6783324 1.9464670 2.3136194 2.0054678 0.0000010 1.4729429 1.3699925 1.1880836 1.2274219 0.0000010 1.3173336 2.0857471 0.5496142 0.0000010 1.4349338 0.0000010 1.3841535 1.1949973 0.9365776 1.1322527 1.1947955 1.2099441 2.0981391 
MW654135.1 0.9442557 1.0448430 1.4541351 1.0010150 0.0000010 1.2570489 0.8546746 0.0000000 0.9611061 0.0000010 0.0000010 0.8799726 0.7432502 0.5652866 0.0000010 0.9994711 1.4370753 0.8580999 0.0000010 0.5072256 0.7429820 0.6481419 0.9299401 0.5238622 1.2036178 0.5008874 0.0000010 1.4149060 1.3314334 1.0819228 0.0000010 1.3910851 0.9697005 0.3676332 0.6216469 1.0668836 0.6838724 1.5485955 0.9726116 0.6701037 4.4915932 1.4698910 0.0000010 0.0000010 0.0000010 0.0000010 1.0838970 1.4474275 0.0000010 0.0000010 0.0000010 0.0000010 0.0000010 0.0000010 0.8157097 0.9091591 0.0000010 0.9081311 1.8109942 1.3597933 0.5462111 1.0075182 1.0748054 1.7370874 1.3261662 1.4537875 1.2870018 1.5339496 2.0957996 2.4364220 0.0000010 2.7840982 1.6829797 1.3002347 1.2672073 0.0000010 1.2228101 0.9083202 0.9191149 0.9184868 0.0000010 0.8509518 1.0706756 0.5963911 0.4441880 1.1808329 0.0000010 1.2829946 0.8066911 0.5881996 1.1988850 1.0510265 0.9149822 1.5254612 
OK665631.1 0.1110313 1.1142941 1.7716232 1.2504551 8.9999989 1.4745584 0.8179319 0.9611061 0.0000000 8.9999984 8.9999989 0.9872201 0.6185081 1.3546884 1.4829919 1.1851533 1.9440635 1.2664300 8.9999981 0.4356360 1.1867154 1.2276340 1.5238859 1.3060709 1.9222215 1.4447970 8.9999980 2.3647387 1.7151016 1.7022706 8.9999986 1.8173831 1.6488860 1.2712771 1.4402558 1.5982432 1.1715053 2.0602377 1.4548319 1.0041425 3.3227513 1.8921617 8.7697592 8.9999990 8.9999987 8.9999985 1.2153591 1.8012345 8.9999984 8.9999982 8.9999989 8.9999987 9.0000000 8.9999982 1.4952627 1.8373960 0.4229711 1.5140602 2.2547695 1.6915840 1.0843792 1.1636281 1.4503090 2.0888662 2.0654577 1.9808690 1.6326812 2.6057608 2.3821311 2.3776780 8.9999984 2.6482731 2.0976353 2.0088475 1.8435162 8.9999987 2.1183538 1.1692149 1.8421124 1.5951966 8.9999987 1.7343639 2.0853579 1.6740763 1.5861278 1.1776848 8.9999980 2.0983352 1.4814464 1.1393212 1.5291313 1.4166734 1.2102851 1.7476864 
MT831995.1 8.9999986 0.0000010 0.0000010 0.0000010 0.7866378 0.0000010 0.0000010 0.0000010 8.9999984 0.0000000 0.5736381 3.3911523 0.0000010 0.7371500 0.7053750 0.0000010 0.0000010 0.0000010 0.6816113 0.0000010 0.7315940 0.5564622 0.5609853 0.7227202 0.5549001 0.7327338 0.6917713 0.6437546 0.1910527 0.5139318 0.5803441 0.4182956 0.5305239 3.0768002 9.0000000 0.6574819 0.0000010 0.6808250 0.0000010 0.0000010 0.0000010 0.0000010 0.5984200 0.5987466 0.7014634 0.6184685 0.0000010 0.0000010 0.3524565 0.6478298 0.8302167 0.5641964 0.7868665 0.6773640 0.6485372 0.6357712 0.7106138 0.5758215 0.3722807 0.6457231 0.2454791 0.0000010 0.0000010 0.7486602 0.7432701 0.7394144 0.6286624 0.7474402 0.0000010 7.9657964 0.8811717 3.3227682 0.6540144 0.6337312 0.6098703 0.6951192 0.6490021 8.9999989 0.6298616 0.6561496 0.6827038 0.0000010 0.7648096 0.6348899 0.6983207 0.0000010 0.8235580 0.7294675 0.0000010 0.0000010 0.0000010 0.0000010 0.0000010 0.7079835 
MT831994.1 8.9999989 0.0000010 0.0000010 0.0000010 0.7141496 0.0000010 0.0000010 0.0000010 8.9999989 0.5736381 0.0000000 9.0000000 0.0000010 0.6918262 0.6756432 0.0000010 0.0000010 0.0000010 0.6075620 0.0000010 0.5667839 0.5634167 0.6733443 0.6389031 0.4922371 0.6563146 0.5592980 0.5704654 0.5226156 0.3240609 0.5433618 0.5553914 0.5661905 5.6387022 7.2623162 0.6829897 0.0000010 0.6628677 0.0000010 0.0000010 0.0000010 0.0000010 0.6910552 0.7376230 0.6689443 0.6275659 0.0000010 0.0000010 0.3526395 0.5551310 0.7397737 0.5700879 0.7719799 0.8201597 0.6576830 0.6197633 0.4493319 0.6407699 0.5674114 0.7243108 0.6565662 0.0000010 0.0000010 0.7358494 0.7440372 0.7340273 0.6528971 0.8229172 0.0000010 7.8376911 0.8746849 8.3021563 0.6891452 0.7418924 0.7174720 0.7382952 0.8287999 4.9568581 0.5778867 0.6959887 0.6537808 0.0000010 0.9442340 0.7286112 0.6760044 0.0000010 0.8773817 0.8226869 0.0000010 0.0000010 0.0000010 0.0000010 0.0000010 0.6690083 
MT180072.1 1.0345095 1.3041705 1.2086411 1.0218745 1.1010774 1.5438178 0.8799679 0.8799726 0.9872201 3.3911523 9.0000000 0.0000000 0.8254585 1.3332622 1.4623855 1.3326979 1.8900037 1.1418281 1.6269064 0.5000529 0.2570027 1.0478013 1.6685525 0.9731638 2.0563786 1.2155217 1.0458266 1.9009847 1.3900298 1.6086458 1.3506599 2.0422472 1.6191809 0.8402853 1.0399851 1.5604093 1.2621487 1.7384819 1.2635605 0.9372366 5.3020703 1.9690127 8.1444388 0.8395503 1.3029265 2.6413550 1.5831335 1.5688648 3.9299241 1.6269064 1.1805440 1.0524588 1.3029265 9.0000000 0.9640098 1.8198999 3.0189175 1.4706511 2.1995926 1.9035184 0.6770301 1.1856548 1.4612507 2.1476978 1.8264887 1.9095996 1.4312918 1.9565710 2.1444559 2.3730805 1.1850970 2.9132139 1.7841742 1.5537207 1.6179126 1.4704518 1.5290015 1.1951512 1.2841824 1.2264238 0.8354181 1.1292823 1.5911317 0.7569769 0.4620148 0.9548834 1.0936766 1.3297281 1.3960910 1.0609782 1.4186212 1.1754773 1.4005993 1.5316679 
MT215163.1 0.6758402 0.7247193 1.0294866 0.9009389 0.0000010 0.9748958 1.1450926 0.7432502 0.6185081 0.0000010 0.0000010 0.8254585 0.0000000 0.7912687 0.0000010 1.0641837 1.9170803 0.8416680 0.0000010 0.3762222 0.6587502 0.8476403 0.9449953 0.8115333 1.0484419 0.8870017 0.0000010 1.3725351 1.3408229 1.0208311 0.0000010 1.1592517 1.0082273 0.7732108 1.0839669 1.1150978 0.9162651 1.4371763 0.9168428 0.8534295 2.5031078 1.2476413 0.0000010 0.0000010 0.0000010 0.0000010 1.0444078 1.2858738 0.0000010 0.0000010 0.0000010 0.0000010 0.0000010 0.0000010 0.7485427 1.0166339 0.0000010 0.8736642 1.5722792 1.1680926 0.4771604 0.9172633 1.1673827 1.5504747 1.3806624 1.4921945 1.1651075 1.6239166 2.3120800 1.6440562 0.0000010 1.6300762 1.3224492 1.2714561 1.2868158 0.0000010 1.1866330 0.8970787 0.9588514 0.9268612 0.0000010 1.4315914 2.3879990 0.5687099 0.0000010 0.9637335 0.0000010 1.1350588 1.0957768 0.6413112 0.9211892 0.8940716 0.8672092 1.4614228 
DQ992425.1 1.3060364 1.0032194 1.0398313 0.9659489 0.8052133 1.2565897 0.9127902 0.5652866 1.3546884 0.7371500 0.6918262 1.3332622 0.7912687 0.0000000 0.6289443 0.8825857 1.5033385 0.8728710 0.6993387 0.5300184 0.6361561 0.5711838 0.7743050 0.5976761 0.8871447 0.6752550 0.6364317 1.0346111 1.0560385 0.8294292 0.6305112 0.9851342 0.9066690 0.6318295 0.8398213 0.8254447 0.8311132 0.9204637 0.9325176 0.6154612 3.1426222 1.1395982 0.6939827 0.6146282 0.6928028 0.6645640 0.9984345 1.3816026 0.6756537 0.6420241 0.6209684 0.6834658 0.6327867 0.9721988 0.7757903 0.8989881 0.6940689 0.8254689 0.9215216 0.9701052 0.7594865 1.0467287 1.3358106 0.9644645 0.7994510 0.8744883 0.7546729 0.9026859 2.4649635 1.3700216 0.6062712 1.5935830 0.7740866 0.8668818 0.8497422 0.6481330 0.9413091 0.9341009 0.8170156 0.8106027 0.4857535 1.3185332 0.9629488 0.6979861 0.6424272 0.9031709 0.7443873 0.9232371 0.8957271 0.7689922 1.3059856 0.9462263 1.0330494 0.9213252 
MN612606.1 1.4829919 0.0000010 0.0000010 0.0000010 0.4874911 0.0000010 0.0000010 0.0000010 1.4829919 0.7053750 0.6756432 1.4623855 0.0000010 0.6289443 0.0000000 0.0000010 0.0000010 0.0000010 0.5870061 0.0000010 0.5535916 0.7074798 0.7673998 0.7645174 0.6078321 0.7137058 0.4514466 0.7957977 0.6769911 0.6855931 0.6776098 0.6026320 0.6471935 2.4010030 7.7668834 0.8722093 0.0000010 0.7118891 0.0000010 0.0000010 0.0000010 0.0000010 0.6115476 0.4922506 0.5531716 0.4514348 0.0000010 0.0000010 0.7304513 0.5121605 0.4056557 0.5973920 0.4494840 0.8771265 0.8154537 0.8224811 0.7380308 0.6931727 0.6600226 0.7464253 0.8132523 0.0000010 0.0000010 0.7341186 0.6948060 0.8221172 0.6392202 0.6814693 0.0000010 5.4506964 0.7944690 8.9999989 0.7044799 0.7142644 0.7015131 0.8489708 0.8047432 2.3781430 1.0128124 0.8492629 0.6665622 0.0000010 0.8161949 0.9708030 0.9025038 0.0000010 0.9378475 0.9572511 0.0000010 0.0000010 0.0000010 0.0000010 0.0000010 0.8107577 
MN311953.1 1.3589799 1.0989786 1.5097414 1.3335255 0.0000010 1.1782563 1.3837750 0.9994711 1.1851533 0.0000010 0.0000010 1.3326979 1.0641837 0.8825857 0.0000010 0.0000000 1.9786127 1.3084406 0.0000010 0.5865371 1.1246227 1.0258605 1.1837748 1.0258420 1.1792231 1.0479215 0.0000010 1.4883265 1.2741652 1.2722444 0.0000010 1.4815633 1.3756842 1.0012487 1.0511160 0.6393209 1.2586976 1.8389491 1.1575288 0.9896248 2.2469817 1.3901121 0.0000010 0.0000010 0.0000010 0.0000010 1.1270614 1.2479681 0.0000010 0.0000010 0.0000010 0.0000010 0.0000010 0.0000010 1.0028157 1.0568521 0.0000010 1.2275920 1.6704718 1.2292572 0.6638425 1.1496089 1.2763760 1.9532387 1.3419954 1.3682989 1.1952733 1.4577181 3.0626564 1.7059570 0.0000010 1.7732046 1.6898140 1.3812359 1.4889775 0.0000010 1.5097904 1.0015029 1.3423236 1.2724526 0.0000010 1.4713058 1.6081811 0.6175748 0.2467778 0.9854875 0.0000010 1.2446046 0.9534532 1.2453934 1.4205815 1.1808962 1.2128631 1.8466380 
MG592345.1 1.8850999 2.4797001 2.5840351 2.1111522 0.0000010 2.0828583 1.6187089 1.4370753 1.9440635 0.0000010 0.0000010 1.8900037 1.9170803 1.5033385 0.0000010 1.9786127 0.0000000 1.9579912 0.0000010 1.4263285 2.0138072 1.4972468 1.8518625 1.6359033 2.2997605 1.8490891 0.0000010 2.4742121 2.1211331 2.0429973 0.0000010 2.4495711 2.1033355 1.4839370 1.9940570 2.0346716 2.2199917 0.9302748 1.7831596 1.5686478 5.6814834 2.2182098 0.0000010 0.0000010 0.0000010 0.0000010 2.2279494 2.7228230 0.0000010 0.0000010 0.0000010 0.0000010 0.0000010 0.0000010 1.9103064 1.8047300 0.0000010 1.7390958 2.6007985 2.2269574 1.8191997 1.4104423 2.0088334 1.3619296 0.5160879 0.7712296 0.5462785 0.8307614 0.7046243 1.2583260 0.0000010 1.6937512 0.9123904 1.1031998 0.9191459 0.0000010 2.7779698 1.3845899 1.9940829 1.8791054 0.0000010 1.6758288 1.5651040 1.5216885 0.0000010 2.5700236 0.0000010 1.6142314 1.9265391 1.2008019 2.0089554 1.7791559 1.7196075 0.9553786 
KF662440.1 1.3948203 1.3431124 0.7688632 0.7095325 0.0000010 1.2072289 1.1932511 0.8580999 1.2664300 0.0000010 0.0000010 1.1418281 0.8416680 0.8728710 0.0000010 1.3084406 1.9579912 0.0000000 0.0000010 0.5808037 0.8822416 0.8113146 1.1058915 0.8323666 1.2160234 0.9906231 0.0000010 1.2553890 1.1835061 1.0144468 0.0000010 1.3307176 1.1723723 0.6991662 1.0425950 1.3541194 0.9398005 1.2551040 1.3879469 0.8094475 2.8317254 1.4906426 0.0000010 0.0000010 0.0000010 0.0000010 1.1459167 1.6730318 0.0000010 0.0000010 0.0000010 0.0000010 0.0000010 0.0000010 0.9726633 1.0566869 0.0000010 1.1118807 1.3308287 1.2802370 0.6303298 1.3462840 1.4857819 1.5191871 1.4829561 1.5868783 1.3809226 1.5457018 2.8966968 1.5057850 0.0000010 1.5876541 1.1582184 1.4786086 1.2206625 0.0000010 1.1177297 1.0718729 0.9766097 0.9618796 0.0000010 1.5784074 1.8957597 0.5110986 0.2311505 0.9627356 0.0000010 1.2295284 1.0354992 0.8876885 1.5868570 1.1440346 1.1440220 1.5212235 
JX420890.1 8.9999985 0.0000010 0.0000010 0.0000010 0.5490164 0.0000010 0.0000010 0.0000010 8.9999981 0.6816113 0.6075620 1.6269064 0.0000010 0.6993387 0.5870061 0.0000010 0.0000010 0.0000010 0.0000000 0.0000010 0.5138546 0.4785008 0.5802851 0.5248547 0.4964619 0.5333394 0.1687371 0.7013850 0.5945655 0.5872532 0.5327723 0.5914092 0.5046482 3.1311746 9.0000000 0.6459050 0.0000010 0.6865266 0.0000010 0.0000010 0.0000010 0.0000010 0.6071455 0.4014306 0.4382377 0.3362079 0.0000010 0.0000010 0.5904419 0.3278278 0.3122067 0.3593239 0.3841251 0.7139856 0.5680664 0.6308927 0.5432095 0.5661941 0.6305251 0.6219598 0.5747404 0.0000010 0.0000010 0.7340867 0.6550275 0.7000953 0.5970729 0.7482612 0.0000010 6.0492067 0.6926094 7.0624779 0.7425942 0.6666640 0.6955979 0.6431419 0.7471803 5.6507639 0.7343969 0.7723639 0.5344916 0.0000010 0.7767919 0.7612933 0.8322185 0.0000010 0.6678190 0.6503507 0.0000010 0.0000010 0.0000010 0.0000010 0.0000010 0.5861688 
KY633999.1 0.4740430 0.5988442 0.8245919 0.5893993 0.0000010 0.6436054 0.4717854 0.5072256 0.4356360 0.0000010 0.0000010 0.5000529 0.3762222 0.5300184 0.0000010 0.5865371 1.4263285 0.5808037 0.0000010 0.0000000 0.5752078 0.5354309 0.6342018 0.4003668 0.5898961 0.5676935 0.0000010 0.7550803 0.8628064 0.6300870 0.0000010 0.6146689 0.6723579 0.5491105 0.5806927 0.7431434 0.3963347 0.8404447 0.4675361 0.4426632 0.9319030 0.6457731 0.0000010 0.0000010 0.0000010 0.0000010 0.7716462 0.6768064 0.0000010 0.0000010 0.0000010 0.0000010 0.0000010 0.0000010 0.5720776 0.5750015 0.0000010 0.6054612 0.6780677 0.6419475 0.6433422 0.5807702 0.5020176 0.8706122 0.8099450 0.7328987 0.6718142 0.8386425 1.9374692 0.8917656 0.0000010 0.8229228 0.9051347 0.9981924 0.8348769 0.0000010 0.6637678 0.6161689 0.6652367 0.6945782 0.0000010 0.4624731 0.0000010 0.6087668 0.0000010 0.6159408 0.0000010 0.6231029 0.6257197 0.5585335 0.7021426 0.5491375 0.6128641 0.8259030 
DQ992474.1 1.0422053 0.9840924 0.9701459 0.8186581 0.6014429 1.2214332 0.8285843 0.7429820 1.1867154 0.7315940 0.5667839 0.2570027 0.6587502 0.6361561 0.5535916 1.1246227 2.0138072 0.8822416 0.5138546 0.5752078 0.0000000 0.5822566 0.7629241 0.5840966 0.8747318 0.7363041 0.5249283 0.9093951 0.9261763 0.8502270 0.4742142 0.9372801 0.7595778 0.7660903 1.0405071 0.7996420 0.9581144 0.8085791 0.9340289 0.7926480 2.9325140 1.3673230 0.6453099 0.5328968 0.5462624 0.4269403 1.1239181 1.2325097 0.5628573 0.5411028 0.6508306 0.6210562 0.5919789 0.7472140 0.6177778 0.8444689 0.6625864 0.8248658 0.9034901 0.8960445 0.6389363 1.1398946 1.2402014 0.7950639 0.7465791 0.7609517 0.6961538 0.8478385 2.5462296 1.4567273 0.5239789 1.6955149 0.7435865 0.7563913 0.7834485 0.4284477 0.8918038 1.1531084 0.7850967 0.7585245 0.3487954 1.1644699 0.8962423 0.6026268 0.6648393 0.9113085 0.5878114 0.7997891 0.8336441 0.8490260 1.1824090 0.9297118 1.1160380 0.7863892 
DQ992477.1 1.2254048 1.0144784 0.9081594 0.9745911 0.5582670 1.2598773 0.8685397 0.6481419 1.2276340 0.5564622 0.5634167 1.0478013 0.8476403 0.5711838 0.7074798 1.0258605 1.4972468 0.8113146 0.4785008 0.5354309 0.5822566 0.0000000 0.7111666 0.5776640 0.7812416 0.6084583 0.5003989 1.0589346 0.9272016 0.7603646 0.4998912 0.8663680 0.7965676 0.5626954 0.8780224 0.7231798 0.8220579 0.8049521 1.0260232 0.8431553 2.6839072 1.1813299 0.6011759 0.4822547 0.5512597 0.4547571 0.9497644 1.2154485 0.4920225 0.5302476 0.5635589 0.5392479 0.5825942 0.7446294 0.6339467 0.7646718 0.5271155 0.7450370 0.7610745 0.9094244 0.5925277 1.2360307 1.3212270 0.8277338 0.8037860 0.7969631 0.6851749 0.8019910 2.1023314 1.2814692 0.5802758 1.3096346 0.7277340 0.7474058 0.8136457 0.5160222 0.8335018 0.8260854 0.7220446 0.8026067 0.4198414 1.1216719 0.8365692 0.6072437 0.6068773 0.7524550 0.4668797 0.8994908 0.8505106 0.6740706 1.2289322 0.7968444 0.9960634 0.7196093 
DQ992478.1 1.4785675 1.3863926 1.3568531 1.1064096 0.6299410 0.5038569 1.0518546 0.9299401 1.5238859 0.5609853 0.6733443 1.6685525 0.9449953 0.7743050 0.7673998 1.1837748 1.8518625 1.1058915 0.5802851 0.6342018 0.7629241 0.7111666 0.0000000 0.7393741 0.6126017 0.7291779 0.5741291 0.6612699 0.7624885 0.6542075 0.4397158 0.7753309 0.6283594 0.8868500 1.2216877 0.9183078 1.0982929 0.8910996 0.9540215 0.5967736 1.6439099 0.6797731 0.6399219 0.5403390 0.7216983 0.5112963 0.6675753 0.5960060 0.5041037 0.5582870 0.6543474 0.5118410 0.5430466 0.8512466 0.5180280 0.5074251 0.6044710 0.6210638 0.7785319 0.7306054 0.5182027 0.7765200 0.6436087 1.0125913 1.0089281 0.9713390 0.9613508 1.1256161 2.6762936 1.7683327 0.7167514 1.8336273 0.8903109 0.8923627 0.9313647 0.5657845 0.8940474 1.0784916 0.8318548 0.8627229 0.6314105 1.1001083 1.1031907 0.7330068 0.7506592 0.9210149 0.8141159 0.9881699 0.9058353 0.7202788 1.1790504 0.9136916 0.7035124 0.8632054 
DQ992467.1 1.2488054 1.1953656 1.1363330 1.0308317 0.8066591 0.8828778 0.8720291 0.5238622 1.3060709 0.7227202 0.6389031 0.9731638 0.8115333 0.5976761 0.7645174 1.0258420 1.6359033 0.8323666 0.5248547 0.4003668 0.5840966 0.5776640 0.7393741 0.0000000 0.7644065 0.6380278 0.5258439 0.9852451 0.9679406 0.7897000 0.5010600 0.9994938 0.7550509 0.6647494 0.8743646 0.7201899 0.4886642 0.8450274 0.8209507 0.5531416 2.3682694 1.3392616 0.8201785 0.5535271 0.6006903 0.5758891 0.8583390 1.1301868 0.6865080 0.6275866 0.7864046 0.6617866 0.7328144 0.8063137 0.6575946 0.7417459 0.7130926 0.7954286 0.8677328 1.0509339 0.7471306 0.6692537 0.9813906 0.8385220 0.7815453 0.8336966 0.7424478 0.9708589 1.9894102 1.4363722 0.6083438 1.5328713 0.7669976 0.8036595 0.8111964 0.6072161 0.9468934 0.9040028 0.7926895 0.7887192 0.4614665 1.0670888 0.8922488 0.5905894 0.6286029 0.8843775 0.6747014 0.8832033 0.8347947 0.6742952 1.2079641 0.8679431 0.9570336 0.8469765 
DQ992458.1 2.0662323 1.6741823 1.4638379 1.3187355 0.6586221 0.7948275 1.5516390 1.2036178 1.9222215 0.5549001 0.4922371 2.0563786 1.0484419 0.8871447 0.6078321 1.1792231 2.2997605 1.2160234 0.4964619 0.5898961 0.8747318 0.7812416 0.6126017 0.7644065 0.0000000 0.7205403 0.4917314 0.8758224 0.8541773 0.5726659 0.4613745 0.7978980 0.6731212 1.0507978 1.2043333 0.8461784 0.9569793 0.9778496 0.9682118 0.8138281 2.3630463 0.9549148 0.5502796 0.4894179 0.4733756 0.4050599 1.0132927 1.0102765 0.4509144 0.5221898 0.5317259 0.5039458 0.5200890 0.6939492 0.6381024 0.7109580 0.4303466 0.6864501 0.7305064 0.7940708 0.5269104 0.8896642 0.9647759 1.1234848 1.0704996 1.0390460 0.8727358 1.1399145 2.5682694 1.6238117 0.6205755 1.6633323 0.9063044 0.9392294 1.0289327 0.6185851 1.0908822 1.0910272 1.0124373 0.9751107 0.5740850 1.3628952 1.0295241 0.7645254 0.6763717 0.8783858 0.7436950 0.9324161 0.9996873 0.9527188 1.2509611 1.1569645 0.7725246 1.0502753 
DQ992434.1 1.4747001 1.1177997 1.4059134 0.9914324 0.7034899 1.0342753 1.0939533 0.5008874 1.4447970 0.7327338 0.6563146 1.2155217 0.8870017 0.6752550 0.7137058 1.0479215 1.8490891 0.9906231 0.5333394 0.5676935 0.7363041 0.6084583 0.7291779 0.6380278 0.7205403 0.0000000 0.4596277 0.9631650 0.9716361 0.7996997 0.5450384 0.8775120 0.7302992 0.5745532 0.9463127 0.7972440 0.7416192 0.9469999 0.8437610 0.6598758 2.2563216 1.1648731 0.7242989 0.5409496 0.6412735 0.5269129 1.0459246 1.1716260 0.5926801 0.5217134 0.6127093 0.5098067 0.6296780 0.8161645 0.6277172 0.7575662 0.6905076 0.8303985 0.8362389 0.9291927 0.6935919 0.9361000 1.0631833 1.0274841 0.8571246 0.8729513 0.7971050 1.1102187 1.6111908 1.7946599 0.6575969 1.9827886 0.8465117 0.8789443 0.8875742 0.6447156 0.7913372 1.0297508 0.8269928 0.7694286 0.5325256 0.9756729 0.8824791 0.6760701 0.7431245 0.9379219 0.5861014 0.7726462 0.8505280 0.6052065 1.0879422 0.8640902 1.0759980 1.0191919 
HM244818.1 8.9999987 0.0000010 0.0000010 0.0000010 0.5558619 0.0000010 0.0000010 0.0000010 8.9999980 0.6917713 0.5592980 1.0458266 0.0000010 0.6364317 0.4514466 0.0000010 0.0000010 0.0000010 0.1687371 0.0000010 0.5249283 0.5003989 0.5741291 0.5258439 0.4917314 0.4596277 0.0000000 0.6412356 0.6320772 0.5628765 0.5634023 0.5340667 0.5443770 3.2684063 9.0000000 0.6843099 0.0000010 0.6702902 0.0000010 0.0000010 0.0000010 0.0000010 0.6067311 0.3578232 0.4017009 0.3356538 0.0000010 0.0000010 0.5656204 0.3253203 0.3464701 0.3752164 0.3658213 0.6954126 0.5677524 0.6413653 0.5504254 0.5501406 0.5963981 0.6050031 0.5982062 0.0000010 0.0000010 0.6500603 0.6341407 0.7195414 0.5821433 0.7892566 0.0000010 2.5442500 0.6863120 3.0620787 0.6913850 0.6690372 0.5757095 0.6323648 0.7104961 3.8474955 0.6818812 0.7371566 0.5285670 0.0000010 0.7361032 0.6819231 0.7225347 0.0000010 0.6082019 0.6668835 0.0000010 0.0000010 0.0000010 0.0000010 0.0000010 0.6032520 
HM244806.1 2.6890934 1.5955883 1.6665745 1.4495460 0.8096823 0.4938894 2.0887898 1.4149060 2.3647387 0.6437546 0.5704654 1.9009847 1.3725351 1.0346111 0.7957977 1.4883265 2.4742121 1.2553890 0.7013850 0.7550803 0.9093951 1.0589346 0.6612699 0.9852451 0.8758224 0.9631650 0.6412356 0.0000000 1.0992946 0.8940808 0.6138065 0.9872923 0.7934933 1.0814499 1.5924496 1.0488430 1.3912656 1.2202693 1.2515629 0.9727134 1.9935738 0.8051028 0.9417617 0.6531786 0.8685334 0.7184527 0.7490408 0.4674501 0.6438833 0.5149088 0.8254090 0.6099732 0.9035895 0.9718403 0.5460663 0.5358350 0.6696865 0.8757634 0.9648528 1.0345401 0.7707371 1.0840668 0.5782694 1.2212390 1.2374694 1.3612148 1.1631811 1.7262605 2.9833910 2.0620350 0.8631723 2.0633575 1.1231722 1.1595673 1.2127439 0.8220080 1.1001295 1.3465558 1.0339057 0.9337083 0.6981734 1.3930256 1.5942391 0.9220109 0.8008126 1.3641194 0.8459326 1.2867028 1.1602814 1.0442850 1.5085320 1.1548345 0.9917992 1.2754432 
HM244808.1 1.8561359 1.5149913 1.5042973 1.2878961 0.7311056 0.9651488 1.3868439 1.3314334 1.7151016 0.1910527 0.5226156 1.3900298 1.3408229 1.0560385 0.6769911 1.2741652 2.1211331 1.1835061 0.5945655 0.8628064 0.9261763 0.9272016 0.7624885 0.9679406 0.8541773 0.9716361 0.6320772 1.0992946 0.0000000 0.5697891 0.5374011 0.7764188 0.7510687 1.0672238 1.3243253 1.0738881 1.2666051 1.2170296 1.0867293 0.7179895 1.9631300 1.1189470 0.6845575 0.5862023 0.6930372 0.5141422 1.0439458 1.0142364 0.3315933 0.5921314 0.6498068 0.4318550 0.5887290 0.5370287 0.7614815 0.7969139 0.5997271 0.8488705 0.7433521 0.8860006 0.2515601 0.9377872 1.2073538 1.1519596 1.1786384 1.1068640 1.0104488 1.4771200 2.5558493 1.8340755 0.8890307 1.8060910 1.1515209 1.1375654 1.1501227 0.5882609 1.1296054 1.4796796 0.8859209 0.9902971 0.5718745 1.0996397 1.0226218 0.7822564 0.5326855 1.0693817 0.8644093 0.9049416 1.2175152 0.9994865 1.1818109 1.0104040 0.9968683 1.1503340 
HM244807.1 1.7769638 1.2205019 1.2853536 1.1125617 0.6696983 0.8412619 1.1229037 1.0819228 1.7022706 0.5139318 0.3240609 1.6086458 1.0208311 0.8294292 0.6855931 1.2722444 2.0429973 1.0144468 0.5872532 0.6300870 0.8502270 0.7603646 0.6542075 0.7897000 0.5726659 0.7996997 0.5628765 0.8940808 0.5697891 0.0000000 0.5806645 0.7090738 0.6416166 0.9155851 1.1266916 0.8942786 0.8632223 1.0314035 0.8811166 0.6348908 1.9468098 0.9863747 0.5864376 0.5288733 0.6534746 0.5283826 0.8983145 0.9295295 0.3174136 0.5361231 0.5262304 0.4791154 0.5556479 0.7572445 0.6418086 0.7146186 0.4866018 0.6868781 0.6755106 0.8492054 0.4269696 1.1108123 1.0418626 0.9231789 0.9955853 1.0025984 0.9975741 1.0860123 2.3920075 1.9496552 0.7849846 1.9640371 0.8395284 0.9852378 0.9739892 0.6010160 1.0114568 1.1702610 0.8539132 0.8891380 0.5543827 1.4124004 0.8921276 0.7039752 0.6270512 0.8681367 0.8311193 0.8798812 0.9925855 1.0426009 1.1713265 1.1130092 0.8124146 0.9682373 
HM244800.1 8.9999980 0.0000010 0.0000010 0.0000010 0.6544352 0.0000010 0.0000010 0.0000010 8.9999986 0.5803441 0.5433618 1.3506599 0.0000010 0.6305112 0.6776098 0.0000010 0.0000010 0.0000010 0.5327723 0.0000010 0.4742142 0.4998912 0.4397158 0.5010600 0.4613745 0.5450384 0.5634023 0.6138065 0.5374011 0.5806645 0.0000000 0.4899212 0.5192655 4.6079383 8.9999985 0.6575893 0.0000010 0.5933785 0.0000010 0.0000010 0.0000010 0.0000010 0.7319232 0.5505314 0.4916804 0.5093330 0.0000010 0.0000010 0.5359464 0.5379437 0.6873576 0.5705609 0.5557229 0.6855547 0.5085807 0.5446868 0.5394624 0.5126324 0.4865552 0.6002466 0.6029466 0.0000010 0.0000010 0.6683214 0.6669182 0.5871158 0.6391446 0.6238646 0.0000010 3.9565646 0.6484147 3.1680449 0.5887604 0.5513409 0.5880628 0.6328101 0.7406318 3.0489469 0.7183193 0.5711238 0.5276286 0.0000010 0.6880418 0.7672049 0.6709407 0.0000010 0.6509791 0.5769673 0.0000010 0.0000010 0.0000010 0.0000010 0.0000010 0.6588437 
HM244790.1 1.7534181 1.4709761 1.5035410 1.3465100 0.7032860 0.9592580 1.8562619 1.3910851 1.8173831 0.4182956 0.5553914 2.0422472 1.1592517 0.9851342 0.6026320 1.4815633 2.4495711 1.3307176 0.5914092 0.6146689 0.9372801 0.8663680 0.7753309 0.9994938 0.7978980 0.8775120 0.5340667 0.9872923 0.7764188 0.7090738 0.4899212 0.0000000 0.8365926 1.1765006 1.4313151 1.0209493 1.2905934 1.0816702 1.2396469 1.1802148 1.6831123 1.0475375 0.6238450 0.5223264 0.5164015 0.4596550 0.9385724 1.0998740 0.3972285 0.6314053 0.6855356 0.5193576 0.5628204 0.7353003 0.6943927 0.6896533 0.5913604 0.8057124 0.1750405 0.3475944 0.3868955 1.3630531 1.0749009 1.0890748 1.0591709 1.0253832 1.0144697 1.1356392 2.3471838 1.8480684 0.7924387 1.8710111 0.9749545 1.0315516 1.0398738 0.7196028 1.0471982 1.3148335 0.9684592 0.9097045 0.5876122 1.5322001 1.3434924 0.7268423 0.6730233 1.1241553 0.7934173 1.0112062 1.1907400 1.0952813 1.3697456 1.0970506 0.9759734 1.1090709 
HM244777.1 1.4974883 1.2424045 1.5332800 1.1646161 0.7948291 0.7109357 1.5612930 0.9697005 1.6488860 0.5305239 0.5661905 1.6191809 1.0082273 0.9066690 0.6471935 1.3756842 2.1033355 1.1723723 0.5046482 0.6723579 0.7595778 0.7965676 0.6283594 0.7550509 0.6731212 0.7302992 0.5443770 0.7934933 0.7510687 0.6416166 0.5192655 0.8365926 0.0000000 0.9800872 1.1415267 0.9061403 1.0905227 0.9883241 0.8674817 0.5214242 1.9645389 0.9478432 0.6934473 0.6032637 0.4914062 0.4385501 0.8936106 0.8380190 0.4271202 0.5175491 0.5724342 0.5417637 0.5042543 0.6994031 0.5850774 0.6469544 0.5788975 0.6606708 0.7056278 0.7963380 0.5694679 0.7965401 0.7404951 0.9888222 0.9610838 1.0103787 0.9201253 1.2131606 2.0499919 1.8471098 0.6780332 2.0366519 1.0281752 0.9234453 1.0055565 0.6319984 1.0062472 1.1097020 0.8857998 0.8704292 0.5568974 1.1214991 0.8726011 0.6860622 0.6473109 1.0778639 0.7135211 1.0120054 1.0201985 0.7980984 1.0487119 0.9804082 0.7210371 1.0103306 
DQ973089.1 1.2508731 1.0108022 1.0011475 0.8723801 2.0992506 0.9751041 0.7602718 0.3676332 1.2712771 3.0768002 5.6387022 0.8402853 0.7732108 0.6318295 2.4010030 1.0012487 1.4839370 0.6991662 3.1311746 0.5491105 0.7660903 0.5626954 0.8868500 0.6647494 1.0507978 0.5745532 3.2684063 1.0814499 1.0672238 0.9155851 4.6079383 1.1765006 0.9800872 0.0000000 0.5895448 1.0315386 0.6924778 1.2026806 0.7082039 0.6510645 2.6121354 1.0758541 3.7738764 2.9728015 1.4190105 2.1712973 0.8771760 1.0202352 2.8063667 2.5064721 3.2252420 2.7162771 3.9339369 4.2577311 0.8146636 1.0103968 2.2273131 0.9019285 1.2252242 1.2159123 0.8790625 0.9564901 0.9689101 1.2795658 1.0743924 1.0885897 0.9834976 1.1658260 1.7079009 1.3657487 6.5762510 1.3873630 1.0780105 1.2470864 1.2770555 6.5137316 1.0106491 0.7369338 0.7815715 0.7452082 3.5869513 0.9048332 1.2655150 0.6673243 0.9720780 0.7482450 2.4478709 0.9544054 0.6976848 0.5183868 1.1018947 0.7315502 0.8421619 1.2276252 
DQ973077.1 1.5640532 1.3786733 1.2756656 0.9877266 6.3145943 1.4985072 1.1569289 0.6216469 1.4402558 9.0000000 7.2623162 1.0399851 1.0839669 0.8398213 7.7668834 1.0511160 1.9940570 1.0425950 9.0000000 0.5806927 1.0405071 0.8780224 1.2216877 0.8743646 1.2043333 0.9463127 9.0000000 1.5924496 1.3243253 1.1266916 8.9999985 1.4313151 1.1415267 0.5895448 0.0000000 1.3192868 1.1056307 1.5833459 0.9718503 0.6132721 2.7240440 1.1829641 8.9999987 8.9999980 8.9999989 7.7800071 1.1317699 1.3609160 6.0983297 8.9999981 0.0000010 8.9999987 9.0000000 5.4831331 0.9471902 1.2805209 8.9999985 1.1535839 1.4606828 1.5866236 0.9606437 1.2186128 1.5431117 1.6910182 1.5431441 1.6360065 1.4707812 1.5836182 2.3213175 1.6525764 9.0000000 1.7035977 1.5358363 1.4840781 1.3868476 8.9999987 1.4989183 1.0579809 1.1549006 1.1120526 8.9999989 1.1845694 1.4137019 1.0735540 1.6311301 0.8822976 8.9999988 1.2108770 0.9317487 0.7847036 1.3365405 1.0870009 0.9728125 1.3561795 
DQ912399.1 1.6992602 1.2198384 1.4159893 1.2013098 0.7531864 1.2513335 1.5818580 1.0668836 1.5982432 0.6574819 0.6829897 1.5604093 1.1150978 0.8254447 0.8722093 0.6393209 2.0346716 1.3541194 0.6459050 0.7431434 0.7996420 0.7231798 0.9183078 0.7201899 0.8461784 0.7972440 0.6843099 1.0488430 1.0738881 0.8942786 0.6575893 1.0209493 0.9061403 1.0315386 1.3192868 0.0000000 1.1746517 0.9925117 1.1113283 0.9415547 2.5241034 1.3643879 0.6664274 0.5695916 0.7663230 0.6290452 1.1538039 1.4184668 0.6211160 0.6680511 0.6699105 0.7171343 0.6950590 0.9355617 0.8652260 0.8644716 0.7239943 0.8082891 0.9747681 0.9758127 0.7488450 1.1622115 1.4641028 1.0094354 0.9352454 0.9947321 0.9622108 1.0863884 2.8167731 1.8532275 0.7617723 2.0821384 0.9588836 0.9564634 0.9751765 0.6560432 1.0263531 1.1085393 0.9671741 0.9235399 0.6377680 1.4720696 1.1008046 0.7981212 0.5740632 1.1033658 0.7512245 1.0735288 0.9497255 0.8860074 1.3017744 0.9910276 1.1906361 1.0047470 
DQ902342.1 1.3063079 1.2528631 1.2365035 1.2135342 0.0000010 1.0156532 1.0311455 0.6838724 1.1715053 0.0000010 0.0000010 1.2621487 0.9162651 0.8311132 0.0000010 1.2586976 2.2199917 0.9398005 0.0000010 0.3963347 0.9581144 0.8220579 1.0982929 0.4886642 0.9569793 0.7416192 0.0000010 1.3912656 1.2666051 0.8632223 0.0000010 1.2905934 1.0905227 0.6924778 1.1056307 1.1746517 0.0000000 1.3725573 0.8729827 0.6936701 2.2597138 1.3992121 0.0000010 0.0000010 0.0000010 0.0000010 1.0486931 1.1967207 0.0000010 0.0000010 0.0000010 0.0000010 0.0000010 0.0000010 1.0451242 0.9777450 0.0000010 1.0049326 1.1503638 1.2604022 0.6660356 0.9468938 1.1476220 1.3830924 1.2627757 1.3223841 1.2177511 1.7678272 3.0479210 1.6292178 0.0000010 1.7025998 1.2344661 1.4106080 1.2485935 0.0000010 1.2281270 0.9312000 1.0733227 1.0880778 0.0000010 1.5176124 1.3696695 0.7941833 0.4081855 1.1045297 0.0000010 1.2656149 1.0137078 0.9551802 1.2569055 1.0602960 1.0089186 1.2525875 
DQ883754.1 2.1411834 1.9323184 1.4893215 1.3040036 0.7787501 1.4353362 2.0706281 1.5485955 2.0602377 0.6808250 0.6628677 1.7384819 1.4371763 0.9204637 0.7118891 1.8389491 0.9302748 1.2551040 0.6865266 0.8404447 0.8085791 0.8049521 0.8910996 0.8450274 0.9778496 0.9469999 0.6702902 1.2202693 1.2170296 1.0314035 0.5933785 1.0816702 0.9883241 1.2026806 1.5833459 0.9925117 1.3725573 0.0000000 1.7240025 1.3154989 2.9480334 1.9522719 0.7880433 0.6687373 0.6930310 0.5899614 1.6128646 1.6758751 0.5767093 0.6118169 0.5873646 0.6024011 0.5799897 0.7940914 0.9259287 0.9911045 0.7425618 0.9970347 0.9713578 1.1098288 0.7849524 2.2552597 1.8421345 0.3882866 0.6910336 0.7145528 0.6691688 0.7200874 1.4220877 1.5135928 0.4796247 1.3423097 0.3727786 0.3502670 0.3922299 0.2576689 1.0513657 1.2657724 0.8946266 0.9634885 0.5268035 1.5773166 0.9913572 0.7369439 0.6097467 1.3803830 0.6068469 1.0729607 1.0190445 1.1162303 1.6383174 1.2928736 1.4792288 0.2784274 
KU844461.1 1.5793353 0.9862170 1.3300871 1.1436497 0.0000010 1.0052340 0.9418950 0.9726116 1.4548319 0.0000010 0.0000010 1.2635605 0.9168428 0.9325176 0.0000010 1.1575288 1.7831596 1.3879469 0.0000010 0.4675361 0.9340289 1.0260232 0.9540215 0.8209507 0.9682118 0.8437610 0.0000010 1.2515629 1.0867293 0.8811166 0.0000010 1.2396469 0.8674817 0.7082039 0.9718503 1.1113283 0.8729827 1.7240025 0.0000000 0.5978206 2.2834355 1.0191721 0.0000010 0.0000010 0.0000010 0.0000010 0.9629103 0.9310801 0.0000010 0.0000010 0.0000010 0.0000010 0.0000010 0.0000010 0.7736311 0.9652285 0.0000010 0.9157688 1.1189639 1.2320725 0.6165459 0.6513301 1.1305400 1.6154199 1.1955425 1.4039180 1.2520738 1.6797488 1.8338719 2.1901477 0.0000010 2.4513375 1.3748932 1.5537393 1.5477343 0.0000010 1.3213311 0.9373021 1.1470131 1.0128526 0.0000010 1.3309282 1.5714023 0.8210618 0.0000010 0.8763406 0.0000010 1.2849034 1.0612091 0.9187610 1.1243507 1.0394265 0.9158997 1.8138625 
KU844455.1 1.1045298 0.8747717 1.4074878 0.9066545 0.0000010 0.6614450 1.0677084 0.6701037 1.0041425 0.0000010 0.0000010 0.9372366 0.8534295 0.6154612 0.0000010 0.9896248 1.5686478 0.8094475 0.0000010 0.4426632 0.7926480 0.8431553 0.5967736 0.5531416 0.8138281 0.6598758 0.0000010 0.9727134 0.7179895 0.6348908 0.0000010 1.1802148 0.5214242 0.6510645 0.6132721 0.9415547 0.6936701 1.3154989 0.5978206 0.0000000 1.4465218 0.7293456 0.0000010 0.0000010 0.0000010 0.0000010 0.7318952 0.7710018 0.0000010 0.0000010 0.0000010 0.0000010 0.0000010 0.0000010 0.5496747 0.7216994 0.0000010 0.6459723 1.3839777 1.0196391 0.4955241 0.5742162 0.6910533 1.3103636 1.0800761 1.3110897 1.0701242 1.5089499 1.9741105 1.3908296 0.0000010 1.6812261 1.1783596 1.2867875 1.1519242 0.0000010 0.9121621 0.6699133 0.7068962 0.7653403 0.0000010 0.7766819 1.5346640 0.5482304 0.0000010 1.0675632 0.0000010 0.9361329 0.8783146 0.6170180 0.5364087 0.7563985 0.6361772 1.3001853 
MH327871.1 4.2461317 2.5313349 2.6641972 3.0519112 0.0000010 1.7587246 5.6616076 4.4915932 3.3227513 0.0000010 0.0000010 5.3020703 2.5031078 3.1426222 0.0000010 2.2469817 5.6814834 2.8317254 0.0000010 0.9319030 2.9325140 2.6839072 1.6439099 2.3682694 2.3630463 2.2563216 0.0000010 1.9935738 1.9631300 1.9468098 0.0000010 1.6831123 1.9645389 2.6121354 2.7240440 2.5241034 2.2597138 2.9480334 2.2834355 1.4465218 0.0000000 1.7329262 0.0000010 0.0000010 0.0000010 0.0000010 1.7145739 1.6346818 0.0000010 0.0000010 0.0000010 0.0000010 0.0000010 0.0000010 1.3904970 1.5905559 0.0000010 1.9781630 1.6770921 1.7773309 1.0801703 2.7043661 1.7587121 3.1615970 2.6094579 2.5647586 2.7121816 3.1750895 4.7359006 3.5444613 0.0000010 3.0200511 2.5755246 2.5566238 2.8883129 0.0000010 2.4399045 2.4485642 2.3901909 2.6258844 0.0000010 4.0895381 4.2106062 1.4412807 0.2866331 2.1389838 0.0000010 2.8311088 2.2112274 2.4873122 2.2891306 2.3152255 1.9787944 2.8243114 
DQ247793.1 1.9559029 1.4901542 1.5238086 1.3485940 0.0000010 0.4815744 1.3258029 1.4698910 1.8921617 0.0000010 0.0000010 1.9690127 1.2476413 1.1395982 0.0000010 1.3901121 2.2182098 1.4906426 0.0000010 0.6457731 1.3673230 1.1813299 0.6797731 1.3392616 0.9549148 1.1648731 0.0000010 0.8051028 1.1189470 0.9863747 0.0000010 1.0475375 0.9478432 1.0758541 1.1829641 1.3643879 1.3992121 1.9522719 1.0191721 0.7293456 1.7329262 0.0000000 0.0000010 0.0000010 0.0000010 0.0000010 0.6812246 0.6620943 0.0000010 0.0000010 0.0000010 0.0000010 0.0000010 0.0000010 0.5573928 0.6827766 0.0000010 1.0219596 1.3467706 0.9835239 0.6182578 1.0955071 0.4767922 2.2197488 1.7368248 1.8431759 1.4886473 1.6932951 2.9778903 1.9717253 0.0000010 2.0393171 1.7048984 1.8215254 1.7931975 0.0000010 1.4461514 1.1712715 1.3851812 1.4102717 0.0000010 1.5731496 2.1165456 0.8497929 0.4197921 1.2247649 0.0000010 1.2382958 1.4093084 1.1202041 1.3185249 1.1526847 1.0190479 1.9733226 
