	AOBU01_aa	Acastr1_GeneCatalog_proteins_20160720.aa	Altal1_GeneCatalog_proteins_20141010.aa	Amamu1_GeneCatalog_proteins_20120806.aa	Artol1_GeneCatalog_proteins_20131209.aa	Ascim1_GeneCatalog_proteins_20121221.aa	Aspni_DSM_1_GeneCatalog_proteins_20130526.aa	Aurpu_var_mel1_GeneCatalog_proteins_20130418.aa	CAJPDR01_protein	Capcor1_GeneCatalog_proteins_20160826.aa	Claba1_GeneCatalog_proteins_20160826.aa	Clagr3_GeneCatalog_proteins_20111121.aa	Cocpo1_1_GeneCatalog_proteins_20191103.aa	Dibbae1_GeneCatalog_proteins_20160727.aa	EndpusZ1_GeneCatalog_proteins_20180130.aa	Erypu1_GeneCatalog_proteins_20210223.aa	Exoaq1_GeneCatalog_proteins_20160901.aa	Fonmu1_GeneCatalog_proteins_20160827.aa	Fusgr1_GeneCatalog_proteins_20110524.aa	GTX0466.bin.15.proteins	GTX0486_487.bin.100.proteins	GTX0494.bin.19.proteins	Grascr1_GeneCatalog_proteins_20160731.aa	JALAHW01_protein	JALAIA01_protein	JALAII01_protein	JALAIK01_protein	JALAIP01_protein	JAPDRQ01_protein	JAPETI01_protein	JAPETN01_protein	JAPETP01_protein	JAPETR01_protein	JAPETW01_protein	JAPEUD01_protein	JAPEUF01_protein	Monha1_GeneCatalog_proteins_20131210.aa	Morco1_GeneCatalog_proteins_20140113.aa	Neucr_trp3_1_GeneCatalog_proteins_20140324.aa	Penexp1_GeneCatalog_proteins_20170706.aa	Phach1_GeneCatalog_proteins_20150930.aa	Podan3_GeneCatalog_proteins_20171013.aa	PseVKM4520_1_GeneCatalog_proteins_20210224.aa	SacceM3707_1_GeneCatalog_proteins_20120712.aa	Sclsc1_GeneCatalog_proteins_20110903.aa	Umbpus1_GeneCatalog_proteins_20180130.aa	Xanthoria_parietina_GTX0501.proteins	coassembly.bin.376.proteins	coassembly.bin.378.proteins	coassembly.bin.64.proteins	coassembly.bin.76.proteins
AOBU01_aa	0.0	5231.0	6336.0	3333.0	4979.0	4584.0	5754.0	5949.0	5440.0	7064.0	7556.0	5506.0	5378.0	5455.0	5622.0	4254.0	7703.0	7528.0	5950.0	6927.0	5064.0	5187.0	5421.0	5025.0	5297.0	5134.0	5278.0	4620.0	6282.0	4904.0	5035.0	5254.0	5063.0	4563.0	5267.0	4811.0	4872.0	5004.0	5510.0	5852.0	5107.0	5688.0	5007.0	2779.0	5659.0	4722.0	5098.0	4143.0	5338.0	4793.0	6417.0
Acastr1_GeneCatalog_proteins_20160720.aa	5231.0	0.0	5371.0	3059.0	4576.0	4294.0	5073.0	5228.0	5460.0	5171.0	5272.0	5552.0	5003.0	5603.0	5003.0	4000.0	5264.0	5250.0	5083.0	4892.0	5323.0	5257.0	5212.0	5094.0	5330.0	5189.0	5300.0	4723.0	4529.0	4633.0	5266.0	5506.0	4725.0	4533.0	5236.0	4856.0	4488.0	4723.0	4985.0	5043.0	4284.0	5096.0	4521.0	2566.0	5203.0	4871.0	5112.0	4214.0	5087.0	3232.0	4377.0
Altal1_GeneCatalog_proteins_20141010.aa	6336.0	5371.0	0.0	3319.0	5173.0	4723.0	5882.0	6450.0	5582.0	5970.0	6163.0	5708.0	5339.0	5664.0	5338.0	4331.0	6223.0	6157.0	6342.0	5575.0	5264.0	5343.0	5651.0	5150.0	5426.0	5261.0	5408.0	4721.0	5386.0	5086.0	5219.0	5428.0	5208.0	4640.0	5447.0	4899.0	5086.0	5184.0	5785.0	5920.0	4865.0	6082.0	5289.0	2749.0	5999.0	4844.0	5246.0	4263.0	5572.0	3877.0	5062.0
Amamu1_GeneCatalog_proteins_20120806.aa	3333.0	3059.0	3319.0	0.0	3362.0	3243.0	3171.0	3339.0	3185.0	3356.0	3285.0	3251.0	3289.0	3217.0	3077.0	2925.0	3291.0	3314.0	3282.0	3127.0	3064.0	3121.0	3093.0	3066.0	3178.0	3073.0	3192.0	2885.0	2841.0	3121.0	3105.0	3241.0	3087.0	3022.0	3238.0	3160.0	3289.0	3355.0	3394.0	3208.0	2841.0	3386.0	2891.0	2301.0	3351.0	2929.0	3014.0	2431.0	3005.0	2079.0	2688.0
Artol1_GeneCatalog_proteins_20131209.aa	4979.0	4576.0	5173.0	3362.0	0.0	4789.0	4784.0	5032.0	4736.0	4967.0	4982.0	4843.0	4810.0	4848.0	4611.0	4059.0	4952.0	4969.0	5126.0	4587.0	4569.0	4648.0	4707.0	4479.0	4729.0	4567.0	4705.0	4201.0	4312.0	4497.0	4615.0	4803.0	4495.0	4343.0	4824.0	4543.0	7968.0	5199.0	5074.0	4831.0	4194.0	5185.0	4403.0	2772.0	5053.0	4309.0	4504.0	3661.0	4639.0	3043.0	4000.0
Ascim1_GeneCatalog_proteins_20121221.aa	4584.0	4294.0	4723.0	3243.0	4789.0	0.0	4340.0	4608.0	4394.0	4561.0	4534.0	4479.0	4522.0	4447.0	4282.0	3879.0	4503.0	4522.0	4606.0	4231.0	4283.0	4291.0	4282.0	4159.0	4357.0	4214.0	4353.0	3871.0	3908.0	4191.0	4296.0	4494.0	4172.0	4139.0	4499.0	4306.0	4665.0	5031.0	4716.0	4390.0	3813.0	4739.0	4022.0	2728.0	4633.0	3999.0	4163.0	3364.0	4220.0	2752.0	3678.0
Aspni_DSM_1_GeneCatalog_proteins_20130526.aa	5754.0	5073.0	5882.0	3171.0	4784.0	4340.0	0.0	5620.0	5203.0	5604.0	5816.0	5265.0	5356.0	5249.0	4980.0	4113.0	5845.0	5764.0	5721.0	5197.0	4812.0	4934.0	5163.0	4749.0	5006.0	4882.0	4992.0	4408.0	4949.0	4660.0	4792.0	5013.0	4757.0	4401.0	5136.0	4617.0	4675.0	4770.0	5283.0	6875.0	4700.0	5443.0	5059.0	2631.0	5526.0	4527.0	4809.0	3953.0	5075.0	3652.0	4651.0
Aurpu_var_mel1_GeneCatalog_proteins_20130418.aa	5949.0	5228.0	6450.0	3339.0	5032.0	4608.0	5620.0	0.0	5440.0	5810.0	5878.0	5490.0	5147.0	5441.0	5048.0	4304.0	5847.0	5852.0	5854.0	5345.0	5145.0	5221.0	5366.0	5022.0	5299.0	5140.0	5304.0	4622.0	5093.0	5044.0	5097.0	5321.0	5211.0	4561.0	5381.0	4862.0	4926.0	5083.0	5533.0	5676.0	4783.0	5626.0	4987.0	2790.0	5759.0	4774.0	5122.0	4096.0	5213.0	3640.0	4765.0
CAJPDR01_protein	5440.0	5460.0	5582.0	3185.0	4736.0	4394.0	5203.0	5440.0	0.0	5368.0	5498.0	6625.0	5015.0	5837.0	5130.0	4117.0	5464.0	5476.0	5226.0	5110.0	5225.0	5784.0	5503.0	5642.0	5854.0	5694.0	5822.0	5085.0	4724.0	4842.0	5168.0	5424.0	5010.0	4529.0	5293.0	4783.0	4663.0	4791.0	5129.0	5171.0	4461.0	5259.0	4601.0	2658.0	5424.0	4945.0	5607.0	4711.0	5346.0	3417.0	4585.0
Capcor1_GeneCatalog_proteins_20160826.aa	7064.0	5171.0	5970.0	3356.0	4967.0	4561.0	5604.0	5810.0	5368.0	0.0	7568.0	5436.0	5319.0	5391.0	5488.0	4256.0	7533.0	7571.0	5659.0	6307.0	5027.0	5126.0	5294.0	4976.0	5209.0	5047.0	5197.0	4560.0	5813.0	4859.0	5000.0	5236.0	5007.0	4561.0	5279.0	4812.0	4869.0	5016.0	5437.0	5710.0	5024.0	5552.0	4840.0	2802.0	5567.0	4707.0	5015.0	4052.0	5150.0	4563.0	5773.0
Claba1_GeneCatalog_proteins_20160826.aa	7556.0	5272.0	6163.0	3285.0	4982.0	4534.0	5816.0	5878.0	5498.0	7568.0	0.0	5583.0	5370.0	5529.0	5722.0	4226.0	8554.0	9856.0	5800.0	6785.0	5083.0	5196.0	5488.0	5031.0	5285.0	5128.0	5266.0	4648.0	6426.0	4917.0	5061.0	5287.0	5068.0	4554.0	5282.0	4796.0	4903.0	4989.0	5463.0	5856.0	5116.0	5669.0	5097.0	2732.0	5649.0	4764.0	5081.0	4161.0	5393.0	5266.0	6259.0
Clagr3_GeneCatalog_proteins_20111121.aa	5506.0	5552.0	5708.0	3251.0	4843.0	4479.0	5265.0	5490.0	6625.0	5436.0	5583.0	0.0	5083.0	5979.0	5203.0	4144.0	5517.0	5556.0	5372.0	5091.0	5286.0	5775.0	5559.0	5588.0	5875.0	5743.0	5835.0	5087.0	4796.0	4890.0	5220.0	5446.0	5020.0	4582.0	5301.0	4846.0	4761.0	4953.0	5202.0	5220.0	4424.0	5351.0	4622.0	2678.0	5488.0	4996.0	5660.0	4707.0	5383.0	3408.0	4598.0
Cocpo1_1_GeneCatalog_proteins_20191103.aa	5378.0	5003.0	5339.0	3289.0	4810.0	4522.0	5356.0	5147.0	5015.0	5319.0	5370.0	5083.0	0.0	5081.0	4896.0	4176.0	5381.0	5366.0	5196.0	4950.0	4828.0	4846.0	4869.0	4661.0	4946.0	4782.0	4927.0	4362.0	4597.0	4600.0	4824.0	5055.0	4660.0	4460.0	5024.0	4705.0	4690.0	4866.0	5074.0	5417.0	4385.0	5204.0	4545.0	2775.0	5170.0	4469.0	4699.0	3827.0	4858.0	3302.0	4365.0
Dibbae1_GeneCatalog_proteins_20160727.aa	5455.0	5603.0	5664.0	3217.0	4848.0	4447.0	5249.0	5441.0	5837.0	5391.0	5529.0	5979.0	5081.0	0.0	5204.0	4165.0	5493.0	5524.0	5325.0	5088.0	5235.0	5452.0	5790.0	5315.0	5543.0	5388.0	5519.0	4877.0	4755.0	4831.0	5193.0	5425.0	4966.0	4592.0	5255.0	4860.0	4739.0	4878.0	5211.0	5218.0	4457.0	5400.0	4655.0	2653.0	5578.0	4960.0	5359.0	4435.0	5568.0	3419.0	4545.0
EndpusZ1_GeneCatalog_proteins_20180130.aa	5622.0	5003.0	5338.0	3077.0	4611.0	4282.0	4980.0	5048.0	5130.0	5488.0	5722.0	5203.0	4896.0	5204.0	0.0	3960.0	5633.0	5669.0	5084.0	5275.0	4796.0	4930.0	4971.0	4786.0	5015.0	4888.0	4973.0	4463.0	4895.0	4584.0	4789.0	5006.0	4591.0	4314.0	4876.0	4481.0	4503.0	4648.0	4899.0	5010.0	4454.0	5109.0	4370.0	2565.0	5082.0	4451.0	4777.0	3994.0	4921.0	3488.0	4734.0
Erypu1_GeneCatalog_proteins_20210223.aa	4254.0	4000.0	4331.0	2925.0	4059.0	3879.0	4113.0	4304.0	4117.0	4256.0	4226.0	4144.0	4176.0	4165.0	3960.0	0.0	4211.0	4230.0	4374.0	3991.0	3980.0	4028.0	4029.0	3916.0	4086.0	3948.0	4070.0	3669.0	3643.0	3942.0	4011.0	4167.0	3935.0	3891.0	4169.0	4022.0	3958.0	4150.0	4427.0	4117.0	3611.0	4418.0	3884.0	2548.0	4552.0	3738.0	3898.0	3179.0	3974.0	2614.0	3468.0
Exoaq1_GeneCatalog_proteins_20160901.aa	7703.0	5264.0	6223.0	3291.0	4952.0	4503.0	5845.0	5847.0	5464.0	7533.0	8554.0	5517.0	5381.0	5493.0	5633.0	4211.0	0.0	8422.0	5897.0	6829.0	5061.0	5191.0	5463.0	5010.0	5262.0	5113.0	5252.0	4612.0	6400.0	4848.0	5023.0	5251.0	5024.0	4544.0	5253.0	4766.0	4882.0	4940.0	5435.0	5892.0	5035.0	5634.0	5110.0	2729.0	5639.0	4720.0	5083.0	4127.0	5411.0	5753.0	6286.0
Fonmu1_GeneCatalog_proteins_20160827.aa	7528.0	5250.0	6157.0	3314.0	4969.0	4522.0	5764.0	5852.0	5476.0	7571.0	9856.0	5556.0	5366.0	5524.0	5669.0	4230.0	8422.0	0.0	5752.0	6740.0	5072.0	5191.0	5447.0	5030.0	5277.0	5116.0	5253.0	4627.0	6315.0	4883.0	5055.0	5274.0	5054.0	4551.0	5276.0	4781.0	4881.0	4966.0	5430.0	5799.0	5092.0	5597.0	5016.0	2749.0	5606.0	4738.0	5081.0	4151.0	5346.0	5244.0	6212.0
Fusgr1_GeneCatalog_proteins_20110524.aa	5950.0	5083.0	6342.0	3282.0	5126.0	4606.0	5721.0	5854.0	5226.0	5659.0	5800.0	5372.0	5196.0	5325.0	5084.0	4374.0	5897.0	5752.0	0.0	5213.0	4932.0	5047.0	5322.0	4844.0	5130.0	4988.0	5104.0	4530.0	5061.0	4784.0	4913.0	5116.0	4869.0	4533.0	5180.0	4721.0	5044.0	5044.0	6214.0	5858.0	4680.0	6554.0	5401.0	2719.0	5932.0	4558.0	4927.0	4003.0	5239.0	3683.0	4656.0
GTX0466.bin.15.proteins	6927.0	4892.0	5575.0	3127.0	4587.0	4231.0	5197.0	5345.0	5110.0	6307.0	6785.0	5091.0	4950.0	5088.0	5275.0	3991.0	6829.0	6740.0	5213.0	0.0	4782.0	4887.0	5022.0	4782.0	4960.0	4819.0	4935.0	4402.0	5747.0	4645.0	4756.0	4955.0	4801.0	4269.0	4901.0	4482.0	4516.0	4600.0	4978.0	5238.0	4689.0	5094.0	4522.0	2621.0	5120.0	4405.0	4724.0	3914.0	4962.0	4404.0	6894.0
GTX0486_487.bin.100.proteins	5064.0	5323.0	5264.0	3064.0	4569.0	4283.0	4812.0	5145.0	5225.0	5027.0	5083.0	5286.0	4828.0	5235.0	4796.0	3980.0	5061.0	5072.0	4932.0	4782.0	0.0	5099.0	4931.0	4942.0	5160.0	5008.0	5141.0	4592.0	4390.0	4573.0	6182.0	6456.0	4658.0	4502.0	5130.0	4809.0	4454.0	4715.0	4873.0	4802.0	4168.0	4945.0	4289.0	2570.0	5088.0	4648.0	4935.0	4098.0	4899.0	3108.0	4269.0
GTX0494.bin.19.proteins	5187.0	5257.0	5343.0	3121.0	4648.0	4291.0	4934.0	5221.0	5784.0	5126.0	5196.0	5775.0	4846.0	5452.0	4930.0	4028.0	5191.0	5191.0	5047.0	4887.0	5099.0	0.0	5158.0	6041.0	7707.0	7516.0	7710.0	5557.0	4505.0	4694.0	5006.0	5237.0	4778.0	4405.0	5006.0	4650.0	4557.0	4707.0	4940.0	4936.0	4267.0	5100.0	4361.0	2622.0	5156.0	4698.0	7844.0	4649.0	5104.0	3198.0	4389.0
Grascr1_GeneCatalog_proteins_20160731.aa	5421.0	5212.0	5651.0	3093.0	4707.0	4282.0	5163.0	5366.0	5503.0	5294.0	5488.0	5559.0	4869.0	5790.0	4971.0	4029.0	5463.0	5447.0	5322.0	5022.0	4931.0	5158.0	0.0	5007.0	5235.0	5088.0	5217.0	4571.0	4698.0	4728.0	4872.0	5080.0	4853.0	4352.0	5058.0	4594.0	4581.0	4679.0	5125.0	5142.0	4449.0	5304.0	4645.0	2566.0	5439.0	4658.0	5047.0	4196.0	5670.0	3397.0	4484.0
JALAHW01_protein	5025.0	5094.0	5150.0	3066.0	4479.0	4159.0	4749.0	5022.0	5642.0	4976.0	5031.0	5588.0	4661.0	5315.0	4786.0	3916.0	5010.0	5030.0	4844.0	4782.0	4942.0	6041.0	5007.0	0.0	6102.0	5917.0	6013.0	5305.0	4370.0	4571.0	4896.0	5110.0	4642.0	4274.0	4874.0	4533.0	4399.0	4525.0	4768.0	4757.0	4186.0	4903.0	4191.0	2571.0	4987.0	4589.0	5847.0	4530.0	4941.0	3137.0	4263.0
JALAIA01_protein	5297.0	5330.0	5426.0	3178.0	4729.0	4357.0	5006.0	5299.0	5854.0	5209.0	5285.0	5875.0	4946.0	5543.0	5015.0	4086.0	5262.0	5277.0	5130.0	4960.0	5160.0	7707.0	5235.0	6102.0	0.0	7682.0	7913.0	5611.0	4566.0	4767.0	5079.0	5319.0	4834.0	4482.0	5083.0	4712.0	4640.0	4769.0	5017.0	5040.0	4303.0	5178.0	4436.0	2688.0	5244.0	4777.0	7592.0	4654.0	5159.0	3226.0	4452.0
JALAII01_protein	5134.0	5189.0	5261.0	3073.0	4567.0	4214.0	4882.0	5140.0	5694.0	5047.0	5128.0	5743.0	4782.0	5388.0	4888.0	3948.0	5113.0	5116.0	4988.0	4819.0	5008.0	7516.0	5088.0	5917.0	7682.0	0.0	7702.0	5454.0	4418.0	4593.0	4941.0	5155.0	4682.0	4336.0	4928.0	4596.0	4469.0	4636.0	4877.0	4896.0	4190.0	5037.0	4329.0	2597.0	5093.0	4658.0	7461.0	4565.0	5023.0	3163.0	4328.0
JALAIK01_protein	5278.0	5300.0	5408.0	3192.0	4705.0	4353.0	4992.0	5304.0	5822.0	5197.0	5266.0	5835.0	4927.0	5519.0	4973.0	4070.0	5252.0	5253.0	5104.0	4935.0	5141.0	7710.0	5217.0	6013.0	7913.0	7702.0	0.0	5541.0	4558.0	4739.0	5059.0	5291.0	4817.0	4443.0	5059.0	4704.0	4606.0	4760.0	5003.0	5008.0	4286.0	5175.0	4439.0	2684.0	5234.0	4788.0	7618.0	4619.0	5152.0	3225.0	4419.0
JALAIP01_protein	4620.0	4723.0	4721.0	2885.0	4201.0	3871.0	4408.0	4622.0	5085.0	4560.0	4648.0	5087.0	4362.0	4877.0	4463.0	3669.0	4612.0	4627.0	4530.0	4402.0	4592.0	5557.0	4571.0	5305.0	5611.0	5454.0	5541.0	0.0	3990.0	4221.0	4513.0	4740.0	4276.0	4004.0	4505.0	4216.0	4120.0	4214.0	4437.0	4438.0	3867.0	4589.0	3889.0	2412.0	4588.0	4250.0	5340.0	4095.0	4589.0	2855.0	3903.0
JAPDRQ01_protein	6282.0	4529.0	5386.0	2841.0	4312.0	3908.0	4949.0	5093.0	4724.0	5813.0	6426.0	4796.0	4597.0	4755.0	4895.0	3643.0	6400.0	6315.0	5061.0	5747.0	4390.0	4505.0	4698.0	4370.0	4566.0	4418.0	4558.0	3990.0	0.0	4235.0	4369.0	4527.0	4375.0	3898.0	4514.0	4097.0	4229.0	4270.0	4636.0	4999.0	4306.0	4825.0	4299.0	2341.0	4808.0	4078.0	4393.0	3608.0	4633.0	3983.0	5228.0
JAPETI01_protein	4904.0	4633.0	5086.0	3121.0	4497.0	4191.0	4660.0	5044.0	4842.0	4859.0	4917.0	4890.0	4600.0	4831.0	4584.0	3942.0	4848.0	4883.0	4784.0	4645.0	4573.0	4694.0	4728.0	4571.0	4767.0	4593.0	4739.0	4221.0	4235.0	0.0	4535.0	4763.0	5063.0	4208.0	4722.0	4396.0	4398.0	4512.0	4720.0	4666.0	4060.0	4810.0	4107.0	2643.0	4848.0	4220.0	4544.0	3756.0	4578.0	3005.0	4089.0
JAPETN01_protein	5035.0	5266.0	5219.0	3105.0	4615.0	4296.0	4792.0	5097.0	5168.0	5000.0	5061.0	5220.0	4824.0	5193.0	4789.0	4011.0	5023.0	5055.0	4913.0	4756.0	6182.0	5006.0	4872.0	4896.0	5079.0	4941.0	5059.0	4513.0	4369.0	4535.0	0.0	6480.0	4617.0	4484.0	5139.0	4775.0	4507.0	4730.0	4864.0	4778.0	4148.0	4943.0	4309.0	2586.0	5066.0	4607.0	4838.0	4050.0	4855.0	3099.0	4243.0
JAPETP01_protein	5254.0	5506.0	5428.0	3241.0	4803.0	4494.0	5013.0	5321.0	5424.0	5236.0	5287.0	5446.0	5055.0	5425.0	5006.0	4167.0	5251.0	5274.0	5116.0	4955.0	6456.0	5237.0	5080.0	5110.0	5319.0	5155.0	5291.0	4740.0	4527.0	4763.0	6480.0	0.0	4856.0	4703.0	5348.0	4998.0	4683.0	4924.0	5054.0	5001.0	4288.0	5127.0	4497.0	2723.0	5283.0	4809.0	5077.0	4202.0	5030.0	3222.0	4406.0
JAPETR01_protein	5063.0	4725.0	5208.0	3087.0	4495.0	4172.0	4757.0	5211.0	5010.0	5007.0	5068.0	5020.0	4660.0	4966.0	4591.0	3935.0	5024.0	5054.0	4869.0	4801.0	4658.0	4778.0	4853.0	4642.0	4834.0	4682.0	4817.0	4276.0	4375.0	5063.0	4617.0	4856.0	0.0	4225.0	4781.0	4431.0	4419.0	4525.0	4798.0	4747.0	4155.0	4865.0	4195.0	2609.0	4961.0	4349.0	4611.0	3805.0	4641.0	3123.0	4267.0
JAPETW01_protein	4563.0	4533.0	4640.0	3022.0	4343.0	4139.0	4401.0	4561.0	4529.0	4561.0	4554.0	4582.0	4460.0	4592.0	4314.0	3891.0	4544.0	4551.0	4533.0	4269.0	4502.0	4405.0	4352.0	4274.0	4482.0	4336.0	4443.0	4004.0	3898.0	4208.0	4484.0	4703.0	4225.0	0.0	4571.0	4531.0	4237.0	4397.0	4541.0	4421.0	3779.0	4570.0	3967.0	2589.0	4593.0	4076.0	4267.0	3480.0	4308.0	2754.0	3739.0
JAPEUD01_protein	5267.0	5236.0	5447.0	3238.0	4824.0	4499.0	5136.0	5381.0	5293.0	5279.0	5282.0	5301.0	5024.0	5255.0	4876.0	4169.0	5253.0	5276.0	5180.0	4901.0	5130.0	5006.0	5058.0	4874.0	5083.0	4928.0	5059.0	4505.0	4514.0	4722.0	5139.0	5348.0	4781.0	4571.0	0.0	4891.0	4712.0	4953.0	5109.0	5149.0	4411.0	5165.0	4513.0	2733.0	5326.0	4712.0	4862.0	4016.0	4958.0	3263.0	4352.0
JAPEUF01_protein	4811.0	4856.0	4899.0	3160.0	4543.0	4306.0	4617.0	4862.0	4783.0	4812.0	4796.0	4846.0	4705.0	4860.0	4481.0	4022.0	4766.0	4781.0	4721.0	4482.0	4809.0	4650.0	4594.0	4533.0	4712.0	4596.0	4704.0	4216.0	4097.0	4396.0	4775.0	4998.0	4431.0	4531.0	4891.0	0.0	4418.0	4638.0	4743.0	4606.0	3994.0	4791.0	4166.0	2663.0	4866.0	4338.0	4526.0	3689.0	4571.0	2902.0	3932.0
Monha1_GeneCatalog_proteins_20131210.aa	4872.0	4488.0	5086.0	3289.0	7968.0	4665.0	4675.0	4926.0	4663.0	4869.0	4903.0	4761.0	4690.0	4739.0	4503.0	3958.0	4882.0	4881.0	5044.0	4516.0	4454.0	4557.0	4581.0	4399.0	4640.0	4469.0	4606.0	4120.0	4229.0	4398.0	4507.0	4683.0	4419.0	4237.0	4712.0	4418.0	0.0	5093.0	4955.0	4721.0	4125.0	5048.0	4335.0	2731.0	4944.0	4203.0	4403.0	3579.0	4560.0	2992.0	3942.0
Morco1_GeneCatalog_proteins_20140113.aa	5004.0	4723.0	5184.0	3355.0	5199.0	5031.0	4770.0	5083.0	4791.0	5016.0	4989.0	4953.0	4866.0	4878.0	4648.0	4150.0	4940.0	4966.0	5044.0	4600.0	4715.0	4707.0	4679.0	4525.0	4769.0	4636.0	4760.0	4214.0	4270.0	4512.0	4730.0	4924.0	4525.0	4397.0	4953.0	4638.0	5093.0	0.0	5104.0	4820.0	4181.0	5155.0	4377.0	2792.0	5116.0	4382.0	4560.0	3668.0	4658.0	3016.0	3993.0
Neucr_trp3_1_GeneCatalog_proteins_20140324.aa	5510.0	4985.0	5785.0	3394.0	5074.0	4716.0	5283.0	5533.0	5129.0	5437.0	5463.0	5202.0	5074.0	5211.0	4899.0	4427.0	5435.0	5430.0	6214.0	4978.0	4873.0	4940.0	5125.0	4768.0	5017.0	4877.0	5003.0	4437.0	4636.0	4720.0	4864.0	5054.0	4798.0	4541.0	5109.0	4743.0	4955.0	5104.0	0.0	5306.0	4510.0	6937.0	4956.0	2822.0	5824.0	4581.0	4821.0	3881.0	5021.0	3310.0	4415.0
Penexp1_GeneCatalog_proteins_20170706.aa	5852.0	5043.0	5920.0	3208.0	4831.0	4390.0	6875.0	5676.0	5171.0	5710.0	5856.0	5220.0	5417.0	5218.0	5010.0	4117.0	5892.0	5799.0	5858.0	5238.0	4802.0	4936.0	5142.0	4757.0	5040.0	4896.0	5008.0	4438.0	4999.0	4666.0	4778.0	5001.0	4747.0	4421.0	5149.0	4606.0	4721.0	4820.0	5306.0	0.0	4713.0	5509.0	5191.0	2651.0	5506.0	4548.0	4831.0	3934.0	5051.0	3683.0	4681.0
Phach1_GeneCatalog_proteins_20150930.aa	5107.0	4284.0	4865.0	2841.0	4194.0	3813.0	4700.0	4783.0	4461.0	5024.0	5116.0	4424.0	4385.0	4457.0	4454.0	3611.0	5035.0	5092.0	4680.0	4689.0	4168.0	4267.0	4449.0	4186.0	4303.0	4190.0	4286.0	3867.0	4306.0	4060.0	4148.0	4288.0	4155.0	3779.0	4411.0	3994.0	4125.0	4181.0	4510.0	4713.0	0.0	4594.0	4115.0	2387.0	4672.0	3937.0	4083.0	3435.0	4374.0	3236.0	4215.0
Podan3_GeneCatalog_proteins_20171013.aa	5688.0	5096.0	6082.0	3386.0	5185.0	4739.0	5443.0	5626.0	5259.0	5552.0	5669.0	5351.0	5204.0	5400.0	5109.0	4418.0	5634.0	5597.0	6554.0	5094.0	4945.0	5100.0	5304.0	4903.0	5178.0	5037.0	5175.0	4589.0	4825.0	4810.0	4943.0	5127.0	4865.0	4570.0	5165.0	4791.0	5048.0	5155.0	6937.0	5509.0	4594.0	0.0	5166.0	2804.0	5964.0	4649.0	4987.0	4036.0	5269.0	3445.0	4524.0
PseVKM4520_1_GeneCatalog_proteins_20210224.aa	5007.0	4521.0	5289.0	2891.0	4403.0	4022.0	5059.0	4987.0	4601.0	4840.0	5097.0	4622.0	4545.0	4655.0	4370.0	3884.0	5110.0	5016.0	5401.0	4522.0	4289.0	4361.0	4645.0	4191.0	4436.0	4329.0	4439.0	3889.0	4299.0	4107.0	4309.0	4497.0	4195.0	3967.0	4513.0	4166.0	4335.0	4377.0	4956.0	5191.0	4115.0	5166.0	0.0	2438.0	5309.0	4058.0	4242.0	3513.0	4617.0	3218.0	4004.0
SacceM3707_1_GeneCatalog_proteins_20120712.aa	2779.0	2566.0	2749.0	2301.0	2772.0	2728.0	2631.0	2790.0	2658.0	2802.0	2732.0	2678.0	2775.0	2653.0	2565.0	2548.0	2729.0	2749.0	2719.0	2621.0	2570.0	2622.0	2566.0	2571.0	2688.0	2597.0	2684.0	2412.0	2341.0	2643.0	2586.0	2723.0	2609.0	2589.0	2733.0	2663.0	2731.0	2792.0	2822.0	2651.0	2387.0	2804.0	2438.0	0.0	2747.0	2473.0	2535.0	2035.0	2475.0	1688.0	2250.0
Sclsc1_GeneCatalog_proteins_20110903.aa	5659.0	5203.0	5999.0	3351.0	5053.0	4633.0	5526.0	5759.0	5424.0	5567.0	5649.0	5488.0	5170.0	5578.0	5082.0	4552.0	5639.0	5606.0	5932.0	5120.0	5088.0	5156.0	5439.0	4987.0	5244.0	5093.0	5234.0	4588.0	4808.0	4848.0	5066.0	5283.0	4961.0	4593.0	5326.0	4866.0	4944.0	5116.0	5824.0	5506.0	4672.0	5964.0	5309.0	2747.0	0.0	4783.0	5073.0	4123.0	5308.0	3471.0	4563.0
Umbpus1_GeneCatalog_proteins_20180130.aa	4722.0	4871.0	4844.0	2929.0	4309.0	3999.0	4527.0	4774.0	4945.0	4707.0	4764.0	4996.0	4469.0	4960.0	4451.0	3738.0	4720.0	4738.0	4558.0	4405.0	4648.0	4698.0	4658.0	4589.0	4777.0	4658.0	4788.0	4250.0	4078.0	4220.0	4607.0	4809.0	4349.0	4076.0	4712.0	4338.0	4203.0	4382.0	4581.0	4548.0	3937.0	4649.0	4058.0	2473.0	4783.0	0.0	4592.0	3807.0	4547.0	2930.0	3927.0
Xanthoria_parietina_GTX0501.proteins	5098.0	5112.0	5246.0	3014.0	4504.0	4163.0	4809.0	5122.0	5607.0	5015.0	5081.0	5660.0	4699.0	5359.0	4777.0	3898.0	5083.0	5081.0	4927.0	4724.0	4935.0	7844.0	5047.0	5847.0	7592.0	7461.0	7618.0	5340.0	4393.0	4544.0	4838.0	5077.0	4611.0	4267.0	4862.0	4526.0	4403.0	4560.0	4821.0	4831.0	4083.0	4987.0	4242.0	2535.0	5073.0	4592.0	0.0	4468.0	4951.0	3096.0	4273.0
coassembly.bin.376.proteins	4143.0	4214.0	4263.0	2431.0	3661.0	3364.0	3953.0	4096.0	4711.0	4052.0	4161.0	4707.0	3827.0	4435.0	3994.0	3179.0	4127.0	4151.0	4003.0	3914.0	4098.0	4649.0	4196.0	4530.0	4654.0	4565.0	4619.0	4095.0	3608.0	3756.0	4050.0	4202.0	3805.0	3480.0	4016.0	3689.0	3579.0	3668.0	3881.0	3934.0	3435.0	4036.0	3513.0	2035.0	4123.0	3807.0	4468.0	0.0	4156.0	2617.0	3535.0
coassembly.bin.378.proteins	5338.0	5087.0	5572.0	3005.0	4639.0	4220.0	5075.0	5213.0	5346.0	5150.0	5393.0	5383.0	4858.0	5568.0	4921.0	3974.0	5411.0	5346.0	5239.0	4962.0	4899.0	5104.0	5670.0	4941.0	5159.0	5023.0	5152.0	4589.0	4633.0	4578.0	4855.0	5030.0	4641.0	4308.0	4958.0	4571.0	4560.0	4658.0	5021.0	5051.0	4374.0	5269.0	4617.0	2475.0	5308.0	4547.0	4951.0	4156.0	0.0	3383.0	4448.0
coassembly.bin.64.proteins	4793.0	3232.0	3877.0	2079.0	3043.0	2752.0	3652.0	3640.0	3417.0	4563.0	5266.0	3408.0	3302.0	3419.0	3488.0	2614.0	5753.0	5244.0	3683.0	4404.0	3108.0	3198.0	3397.0	3137.0	3226.0	3163.0	3225.0	2855.0	3983.0	3005.0	3099.0	3222.0	3123.0	2754.0	3263.0	2902.0	2992.0	3016.0	3310.0	3683.0	3236.0	3445.0	3218.0	1688.0	3471.0	2930.0	3096.0	2617.0	3383.0	0.0	4042.0
coassembly.bin.76.proteins	6417.0	4377.0	5062.0	2688.0	4000.0	3678.0	4651.0	4765.0	4585.0	5773.0	6259.0	4598.0	4365.0	4545.0	4734.0	3468.0	6286.0	6212.0	4656.0	6894.0	4269.0	4389.0	4484.0	4263.0	4452.0	4328.0	4419.0	3903.0	5228.0	4089.0	4243.0	4406.0	4267.0	3739.0	4352.0	3932.0	3942.0	3993.0	4415.0	4681.0	4215.0	4524.0	4004.0	2250.0	4563.0	3927.0	4273.0	3535.0	4448.0	4042.0	0.0
