	AOBU01_aa	Acastr1_GeneCatalog_proteins_20160720.aa	Altal1_GeneCatalog_proteins_20141010.aa	Amamu1_GeneCatalog_proteins_20120806.aa	Artol1_GeneCatalog_proteins_20131209.aa	Ascim1_GeneCatalog_proteins_20121221.aa	Aspni_DSM_1_GeneCatalog_proteins_20130526.aa	Aurpu_var_mel1_GeneCatalog_proteins_20130418.aa	CAJPDR01_protein	Capcor1_GeneCatalog_proteins_20160826.aa	Claba1_GeneCatalog_proteins_20160826.aa	Clagr3_GeneCatalog_proteins_20111121.aa	Cocpo1_1_GeneCatalog_proteins_20191103.aa	Dibbae1_GeneCatalog_proteins_20160727.aa	EndpusZ1_GeneCatalog_proteins_20180130.aa	Erypu1_GeneCatalog_proteins_20210223.aa	Exoaq1_GeneCatalog_proteins_20160901.aa	Fonmu1_GeneCatalog_proteins_20160827.aa	Fusgr1_GeneCatalog_proteins_20110524.aa	GTX0466.bin.15.proteins	GTX0486_487.bin.100.proteins	GTX0494.bin.19.proteins	Grascr1_GeneCatalog_proteins_20160731.aa	JALAHW01_protein	JALAIA01_protein	JALAII01_protein	JALAIK01_protein	JALAIP01_protein	JAPDRQ01_protein	JAPETI01_protein	JAPETN01_protein	JAPETP01_protein	JAPETR01_protein	JAPETW01_protein	JAPEUD01_protein	JAPEUF01_protein	Monha1_GeneCatalog_proteins_20131210.aa	Morco1_GeneCatalog_proteins_20140113.aa	Neucr_trp3_1_GeneCatalog_proteins_20140324.aa	Penexp1_GeneCatalog_proteins_20170706.aa	Phach1_GeneCatalog_proteins_20150930.aa	Podan3_GeneCatalog_proteins_20171013.aa	PseVKM4520_1_GeneCatalog_proteins_20210224.aa	SacceM3707_1_GeneCatalog_proteins_20120712.aa	Sclsc1_GeneCatalog_proteins_20110903.aa	Umbpus1_GeneCatalog_proteins_20180130.aa	Xanthoria_parietina_GTX0501.proteins	coassembly.bin.376.proteins	coassembly.bin.378.proteins	coassembly.bin.64.proteins	coassembly.bin.76.proteins
AOBU01_aa	7586	5569	6330	4222	5475	5113	5963	6118	5763	6576	6873	5799	5501	5775	5683	4487	6966	6868	6185	6356	5408	5501	5811	5344	5568	5528	5589	4948	5950	5195	5294	5496	5295	4779	5521	5034	5403	5494	5801	6023	5071	5982	5408	3485	5920	5107	5744	4540	5715	4571	5986
Acastr1_GeneCatalog_proteins_20160720.aa	5569	6577	5655	3939	5135	4875	5410	5532	5609	5481	5592	5668	5210	5659	5257	4311	5611	5596	5542	5241	5434	5399	5479	5259	5454	5429	5469	4926	4924	4982	5343	5543	5032	4734	5378	4967	5040	5224	5363	5419	4528	5494	4979	3303	5521	5015	5595	4475	5376	3681	4885
Altal1_GeneCatalog_proteins_20141010.aa	6330	5655	7704	4216	5596	5237	6042	6358	5837	6055	6263	5907	5503	5862	5540	4503	6364	6271	6395	5757	5530	5624	5956	5427	5676	5642	5707	5029	5566	5273	5404	5606	5336	4818	5598	5071	5538	5628	5938	6089	4966	6175	5570	3462	6098	5138	5864	4642	5863	4198	5426
Amamu1_GeneCatalog_proteins_20120806.aa	4222	3939	4216	5691	4128	3993	4116	4218	4037	4163	4204	4061	3985	4078	3844	3510	4246	4204	4219	3934	3842	3901	4048	3828	3949	3923	3967	3605	3687	3782	3803	3950	3793	3612	3982	3789	4040	4166	4159	4140	3530	4212	3769	3111	4188	3697	4062	3224	3946	2782	3634
Artol1_GeneCatalog_proteins_20131209.aa	5475	5135	5596	4128	7846	5117	5344	5464	5250	5363	5483	5305	5075	5322	4997	4292	5513	5483	5632	5082	4998	5066	5309	4934	5130	5079	5138	4609	4837	4819	4913	5115	4826	4566	5119	4793	7374	5461	5401	5365	4486	5581	4976	3417	5425	4713	5273	4203	5266	3592	4725
Ascim1_GeneCatalog_proteins_20121221.aa	5113	4875	5237	3993	5117	6804	4967	5122	4922	5018	5088	4985	4839	4978	4726	4154	5118	5077	5192	4739	4759	4780	4932	4638	4828	4798	4850	4346	4468	4563	4674	4875	4553	4431	4857	4620	5007	5337	5115	5001	4181	5220	4602	3354	5107	4495	4990	3962	4914	3299	4392
Aspni_DSM_1_GeneCatalog_proteins_20130526.aa	5963	5410	6042	4116	5344	4967	7156	5881	5562	5814	6011	5595	5434	5595	5290	4390	6055	5981	6031	5501	5193	5325	5627	5187	5376	5349	5404	4803	5264	5012	5106	5308	5076	4657	5405	4877	5251	5334	5635	6349	4843	5801	5389	3417	5809	4950	5537	4429	5505	4033	5140
Aurpu_var_mel1_GeneCatalog_proteins_20130418.aa	6118	5532	6358	4218	5464	5122	5881	7125	5724	5955	6058	5744	5357	5716	5356	4497	6123	6074	6085	5593	5404	5477	5750	5308	5534	5503	5564	4927	5363	5211	5298	5496	5303	4761	5547	5026	5379	5507	5777	5897	4879	5910	5347	3488	5961	5088	5718	4512	5605	4042	5241
CAJPDR01_protein	5763	5609	5837	4037	5250	4922	5562	5724	7158	5654	5794	6289	5248	5866	5371	4397	5813	5789	5699	5435	5461	5829	5745	5637	5869	5848	5885	5194	5109	5140	5370	5576	5231	4727	5450	4974	5163	5272	5498	5566	4689	5657	5060	3348	5670	5132	6040	4817	5606	3851	5086
Capcor1_GeneCatalog_proteins_20160826.aa	6576	5481	6055	4163	5363	5018	5814	5955	5654	7180	6818	5684	5423	5651	5546	4463	6834	6841	5915	6027	5319	5379	5650	5236	5426	5395	5455	4865	5679	5116	5212	5423	5211	4756	5470	5001	5263	5393	5695	5853	4979	5819	5220	3473	5776	5041	5602	4447	5526	4402	5645
Claba1_GeneCatalog_proteins_20160826.aa	6873	5592	6263	4204	5483	5088	6011	6058	5794	6818	8189	5828	5501	5808	5739	4462	7273	7718	6146	6288	5409	5496	5840	5351	5551	5512	5584	4955	6030	5179	5299	5509	5289	4767	5511	5020	5416	5480	5774	6019	5059	5979	5434	3456	5916	5110	5723	4586	5737	4723	5911
Clagr3_GeneCatalog_proteins_20111121.aa	5799	5668	5907	4061	5305	4985	5595	5744	6289	5684	5828	7201	5271	5945	5396	4405	5845	5834	5763	5432	5458	5768	5786	5578	5835	5812	5869	5177	5135	5147	5376	5570	5236	4766	5442	5007	5227	5349	5554	5584	4646	5705	5071	3367	5706	5158	6023	4778	5635	3841	5087
Cocpo1_1_GeneCatalog_proteins_20191103.aa	5501	5210	5503	3985	5075	4839	5434	5357	5248	5423	5501	5271	6026	5290	5015	4337	5549	5499	5460	5127	5042	5070	5213	4921	5117	5079	5139	4620	4809	4803	4959	5166	4845	4594	5152	4828	4966	5142	5287	5475	4467	5408	4867	3372	5356	4734	5261	4189	5163	3637	4765
Dibbae1_GeneCatalog_proteins_20160727.aa	5775	5659	5862	4078	5322	4978	5595	5716	5866	5651	5808	5945	5290	7016	5419	4418	5821	5818	5761	5408	5445	5585	5856	5416	5641	5610	5675	5043	5126	5103	5353	5560	5185	4793	5444	5010	5213	5347	5550	5596	4656	5724	5069	3347	5737	5128	5819	4617	5681	3843	5071
EndpusZ1_GeneCatalog_proteins_20180130.aa	5683	5257	5540	3844	4997	4726	5290	5356	5371	5546	5739	5396	5015	5419	6505	4194	5728	5701	5432	5352	5090	5206	5338	5064	5249	5230	5276	4737	5054	4834	5009	5186	4862	4511	5085	4670	4901	5023	5197	5293	4526	5395	4795	3172	5333	4780	5385	4331	5253	3768	5014
Erypu1_GeneCatalog_proteins_20210223.aa	4487	4311	4503	3510	4292	4154	4390	4497	4397	4463	4462	4405	4337	4418	4194	4872	4490	4465	4551	4246	4245	4270	4360	4189	4306	4260	4318	3947	3931	4146	4213	4348	4117	4055	4367	4194	4217	4389	4564	4382	3789	4569	4074	3078	4628	4021	4403	3531	4319	2937	3917
Exoaq1_GeneCatalog_proteins_20160901.aa	6966	5611	6364	4246	5513	5118	6055	6123	5813	6834	7273	5845	5549	5821	5728	4490	7983	7228	6234	6329	5430	5544	5847	5382	5595	5561	5628	4992	6074	5204	5321	5526	5307	4811	5544	5059	5447	5518	5814	6082	5080	6015	5501	3483	5945	5121	5768	4580	5779	4817	5938
Fonmu1_GeneCatalog_proteins_20160827.aa	6868	5596	6271	4204	5483	5077	5981	6074	5789	6841	7718	5834	5499	5818	5701	4465	7228	8102	6115	6298	5412	5502	5841	5347	5558	5526	5582	4958	6005	5190	5305	5518	5304	4793	5530	5034	5414	5455	5771	6008	5050	5949	5404	3463	5901	5106	5720	4581	5715	4712	5912
Fusgr1_GeneCatalog_proteins_20110524.aa	6185	5542	6395	4219	5632	5192	6031	6085	5699	5915	6146	5763	5460	5761	5432	4551	6234	6115	7660	5623	5361	5479	5841	5286	5533	5507	5553	4943	5453	5126	5262	5451	5170	4786	5489	5010	5564	5564	6187	6100	4904	6461	5627	3473	6089	5035	5696	4527	5754	4142	5278
GTX0466.bin.15.proteins	6356	5241	5757	3934	5082	4739	5501	5593	5435	6027	6288	5432	5127	5408	5352	4246	6329	6298	5623	7074	5105	5214	5409	5107	5248	5209	5252	4724	5522	4930	5004	5187	5026	4520	5183	4738	5016	5069	5334	5522	4783	5481	4978	3275	5465	4793	5369	4333	5339	4281	6124
GTX0486_487.bin.100.proteins	5408	5434	5530	3842	4998	4759	5193	5404	5461	5319	5409	5458	5042	5445	5090	4245	5430	5412	5361	5105	6831	5294	5275	5139	5332	5285	5343	4836	4784	4881	5968	6216	4918	4654	5268	4908	4891	5089	5211	5203	4406	5335	4756	3215	5377	4849	5469	4411	5233	3577	4788
GTX0494.bin.19.proteins	5501	5399	5624	3901	5066	4780	5325	5477	5829	5379	5496	5768	5070	5585	5206	4270	5544	5502	5479	5214	5294	7307	5464	5800	6743	6720	6801	5423	4864	4992	5180	5384	5022	4600	5220	4821	4974	5121	5280	5299	4507	5430	4819	3251	5415	4909	7066	4739	5379	3667	4864
Grascr1_GeneCatalog_proteins_20160731.aa	5811	5479	5956	4048	5309	4932	5627	5750	5745	5650	5840	5786	5213	5856	5338	4360	5847	5841	5841	5409	5275	5464	7053	5323	5513	5482	5540	4932	5141	5076	5186	5375	5163	4662	5353	4884	5206	5303	5562	5620	4717	5773	5161	3319	5749	5010	5680	4566	5824	3872	5072
JALAHW01_protein	5344	5259	5427	3828	4934	4638	5187	5308	5637	5236	5351	5578	4921	5416	5064	4189	5382	5347	5286	5107	5139	5800	5323	6438	5854	5813	5837	5226	4730	4858	5055	5240	4892	4494	5083	4717	4856	4969	5136	5148	4444	5272	4694	3201	5275	4802	5973	4592	5238	3588	4754
JALAIA01_protein	5568	5454	5676	3949	5130	4828	5376	5534	5869	5426	5551	5835	5117	5641	5249	4306	5595	5558	5533	5248	5332	6743	5513	5854	7367	6838	6939	5470	4913	5024	5221	5425	5045	4661	5257	4864	5027	5175	5338	5362	4523	5491	4876	3294	5468	4953	7021	4743	5420	3683	4892
JALAII01_protein	5528	5429	5642	3923	5079	4798	5349	5503	5848	5395	5512	5812	5079	5610	5230	4260	5561	5526	5507	5209	5285	6720	5482	5813	6838	7446	6898	5447	4879	4971	5184	5382	5008	4614	5208	4828	4986	5139	5303	5330	4490	5459	4862	3270	5456	4933	7003	4734	5388	3670	4868
JALAIK01_protein	5589	5469	5707	3967	5138	4850	5404	5564	5885	5455	5584	5869	5139	5675	5276	4318	5628	5582	5553	5252	5343	6801	5540	5837	6939	6898	7485	5459	4930	5029	5236	5439	5054	4654	5263	4881	5037	5200	5360	5393	4531	5504	4904	3299	5503	4993	7093	4758	5455	3696	4905
JALAIP01_protein	4948	4926	5029	3605	4609	4346	4803	4927	5194	4865	4955	5177	4620	5043	4737	3947	4992	4958	4943	4724	4836	5423	4932	5226	5470	5447	5459	5950	4379	4542	4720	4912	4539	4246	4763	4434	4534	4647	4786	4813	4146	4921	4372	3027	4904	4502	5558	4249	4889	3321	4396
JAPDRQ01_protein	5950	4924	5566	3687	4837	4468	5264	5363	5109	5679	6030	5135	4809	5126	5054	3931	6074	6005	5453	5522	4784	4864	5141	4730	4913	4879	4930	4379	6811	4591	4682	4840	4688	4168	4828	4382	4775	4800	5038	5282	4428	5246	4754	3002	5166	4478	5056	4066	5069	4030	5184
JAPETI01_protein	5195	4982	5273	3782	4819	4563	5012	5211	5140	5116	5179	5147	4803	5103	4834	4146	5204	5190	5126	4930	4881	4992	5076	4858	5024	4971	5029	4542	4591	5794	4797	4989	5041	4408	4938	4599	4738	4824	4994	5025	4289	5087	4530	3198	5090	4545	5139	4163	4979	3438	4574
JAPETN01_protein	5294	5343	5404	3803	4913	4674	5106	5298	5370	5212	5299	5376	4959	5353	5009	4213	5321	5305	5262	5004	5968	5180	5186	5055	5221	5184	5236	4720	4682	4797	6645	6133	4835	4593	5198	4838	4817	5005	5130	5110	4345	5240	4679	3175	5282	4773	5340	4335	5145	3491	4673
JAPETP01_protein	5496	5543	5606	3950	5115	4875	5308	5496	5576	5423	5509	5570	5166	5560	5186	4348	5526	5518	5451	5187	6216	5384	5375	5240	5425	5382	5439	4912	4840	4989	6133	6875	5024	4783	5383	5043	5006	5206	5308	5301	4468	5432	4851	3320	5485	4947	5560	4476	5325	3611	4838
JAPETR01_protein	5295	5032	5336	3793	4826	4553	5076	5303	5231	5211	5289	5236	4845	5185	4862	4117	5307	5304	5170	5026	4918	5022	5163	4892	5045	5008	5054	4539	4688	5041	4835	5024	5837	4393	4989	4618	4766	4850	5027	5072	4340	5123	4582	3190	5145	4624	5171	4162	5009	3528	4684
JAPETW01_protein	4779	4734	4818	3612	4566	4431	4657	4761	4727	4756	4767	4766	4594	4793	4511	4055	4811	4793	4786	4520	4654	4600	4662	4494	4661	4614	4654	4246	4168	4408	4593	4783	4393	5237	4684	4596	4473	4645	4731	4663	3959	4804	4264	3117	4792	4320	4779	3788	4619	3062	4146
JAPEUD01_protein	5521	5378	5598	3982	5119	4857	5405	5547	5450	5470	5511	5442	5152	5444	5085	4367	5544	5530	5489	5183	5268	5220	5353	5083	5257	5208	5263	4763	4828	4938	5198	5383	4989	4684	6196	4966	5016	5222	5343	5396	4564	5428	4885	3362	5509	4903	5381	4321	5250	3652	4826
JAPEUF01_protein	5034	4967	5071	3789	4793	4620	4877	5026	4974	5001	5020	5007	4828	5010	4670	4194	5059	5034	5010	4738	4908	4821	4884	4717	4864	4828	4881	4434	4382	4599	4838	5043	4618	4596	4966	5504	4689	4899	4965	4876	4161	5019	4472	3236	5040	4529	5005	3978	4821	3273	4368
Monha1_GeneCatalog_proteins_20131210.aa	5403	5040	5538	4040	7374	5007	5251	5379	5163	5263	5416	5227	4966	5213	4901	4217	5447	5414	5564	5016	4891	4974	5206	4856	5027	4986	5037	4534	4775	4738	4817	5006	4766	4473	5016	4689	7733	5367	5307	5274	4442	5475	4921	3358	5343	4628	5161	4127	5209	3563	4669
Morco1_GeneCatalog_proteins_20140113.aa	5494	5224	5628	4166	5461	5337	5334	5507	5272	5393	5480	5349	5142	5347	5023	4389	5518	5455	5564	5069	5089	5121	5303	4969	5175	5139	5200	4647	4800	4824	5005	5206	4850	4645	5222	4899	5367	6550	5448	5351	4482	5546	4922	3466	5506	4788	5336	4217	5255	3578	4728
Neucr_trp3_1_GeneCatalog_proteins_20140324.aa	5801	5363	5938	4159	5401	5115	5635	5777	5498	5695	5774	5554	5287	5550	5197	4564	5814	5771	6187	5334	5211	5280	5562	5136	5338	5303	5360	4786	5038	4994	5130	5308	5027	4731	5343	4965	5307	5448	6927	5633	4706	6493	5236	3453	5887	4950	5501	4351	5470	3800	4992
Penexp1_GeneCatalog_proteins_20170706.aa	6023	5419	6089	4140	5365	5001	6349	5897	5566	5853	6019	5584	5475	5596	5293	4382	6082	6008	6100	5522	5203	5299	5620	5148	5362	5330	5393	4813	5282	5025	5110	5301	5072	4663	5396	4876	5274	5351	5633	7156	4836	5834	5432	3418	5794	4939	5531	4412	5515	4048	5161
Phach1_GeneCatalog_proteins_20150930.aa	5071	4528	4966	3530	4486	4181	4843	4879	4689	4979	5059	4646	4467	4656	4526	3789	5080	5050	4904	4783	4406	4507	4717	4444	4523	4490	4531	4146	4428	4289	4345	4468	4340	3959	4564	4161	4442	4482	4706	4836	5457	4796	4400	2973	4801	4221	4618	3770	4659	3460	4497
Podan3_GeneCatalog_proteins_20171013.aa	5982	5494	6175	4212	5581	5220	5801	5910	5657	5819	5979	5705	5408	5724	5395	4569	6015	5949	6461	5481	5335	5430	5773	5272	5491	5459	5504	4921	5246	5087	5240	5432	5123	4804	5428	5019	5475	5546	6493	5834	4796	7326	5476	3469	6048	5030	5662	4512	5690	3939	5130
PseVKM4520_1_GeneCatalog_proteins_20210224.aa	5408	4979	5570	3769	4976	4602	5389	5347	5060	5220	5434	5071	4867	5069	4795	4074	5501	5404	5627	4978	4756	4819	5161	4694	4876	4862	4904	4372	4754	4530	4679	4851	4582	4264	4885	4472	4921	4922	5236	5432	4400	5476	6697	3119	5441	4507	5015	4025	5104	3646	4662
SacceM3707_1_GeneCatalog_proteins_20120712.aa	3485	3303	3462	3111	3417	3354	3417	3488	3348	3473	3456	3367	3372	3347	3172	3078	3483	3463	3473	3275	3215	3251	3319	3201	3294	3270	3299	3027	3002	3198	3175	3320	3190	3117	3362	3236	3358	3466	3453	3418	2973	3469	3119	3719	3449	3098	3394	2704	3250	2260	3007
Sclsc1_GeneCatalog_proteins_20110903.aa	5920	5521	6098	4188	5425	5107	5809	5961	5670	5776	5916	5706	5356	5737	5333	4628	5945	5901	6089	5465	5377	5415	5749	5275	5468	5456	5503	4904	5166	5090	5282	5485	5145	4792	5509	5040	5343	5506	5887	5794	4801	6048	5441	3449	7019	5057	5662	4511	5630	3904	5112
Umbpus1_GeneCatalog_proteins_20180130.aa	5107	5015	5138	3697	4713	4495	4950	5088	5132	5041	5110	5158	4734	5128	4780	4021	5121	5106	5035	4793	4849	4909	5010	4802	4953	4933	4993	4502	4478	4545	4773	4947	4624	4320	4903	4529	4628	4788	4950	4939	4221	5030	4507	3098	5057	5710	5092	4082	4884	3394	4475
Xanthoria_parietina_GTX0501.proteins	5744	5595	5864	4062	5273	4990	5537	5718	6040	5602	5723	6023	5261	5819	5385	4403	5768	5720	5696	5369	5469	7066	5680	5973	7021	7003	7093	5558	5056	5139	5340	5560	5171	4779	5381	5005	5161	5336	5501	5531	4618	5662	5015	3394	5662	5092	7828	4857	5577	3773	5017
coassembly.bin.376.proteins	4540	4475	4642	3224	4203	3962	4429	4512	4817	4447	4586	4778	4189	4617	4331	3531	4580	4581	4527	4333	4411	4739	4566	4592	4743	4734	4758	4249	4066	4163	4335	4476	4162	3788	4321	3978	4127	4217	4351	4412	3770	4512	4025	2704	4511	4082	4857	5490	4466	3119	4083
coassembly.bin.378.proteins	5715	5376	5863	3946	5266	4914	5505	5605	5606	5526	5737	5635	5163	5681	5253	4319	5779	5715	5754	5339	5233	5379	5824	5238	5420	5388	5455	4889	5069	4979	5145	5325	5009	4619	5250	4821	5209	5255	5470	5515	4659	5690	5104	3250	5630	4884	5577	4466	6947	3844	5007
coassembly.bin.64.proteins	4571	3681	4198	2782	3592	3299	4033	4042	3851	4402	4723	3841	3637	3843	3768	2937	4817	4712	4142	4281	3577	3667	3872	3588	3683	3670	3696	3321	4030	3438	3491	3611	3528	3062	3652	3273	3563	3578	3800	4048	3460	3939	3646	2260	3904	3394	3773	3119	3844	5205	4053
coassembly.bin.76.proteins	5986	4885	5426	3634	4725	4392	5140	5241	5086	5645	5911	5087	4765	5071	5014	3917	5938	5912	5278	6124	4788	4864	5072	4754	4892	4868	4905	4396	5184	4574	4673	4838	4684	4146	4826	4368	4669	4728	4992	5161	4497	5130	4662	3007	5112	4475	5017	4083	5007	4053	6845
